"county_geoid","industry_employment_share","location_quotient","industry_present","industry_comparative_advantage","industry_feasibility","industry_feasibility_percentile_score"
"01001",0,0,0,0,0.127335024514917,68.5
"01003",0,0,0,0,0.214514165949368,92.52
"01005",0,0,0,0,0.0753512816999465,27.81
"01007",0,0,0,0,0.0722651246226547,24.09
"01009",0,0,0,0,0.134215383602561,71.43
"01011",0,0,0,0,0.0721645887727893,23.96
"01013",0,0,0,0,0.0800884072758015,32.74
"01015",0,0,0,0,0.158117600656058,80.69
"01017",0,0,0,0,0.0958207178358869,46.8
"01019",0,0,0,0,0.0948608401753409,45.85
"01021",0,0,0,0,0.121842552503715,66.05
"01023",0,0,0,0,0.0602712262620334,13.24
"01025",0,0,0,0,0.0841068669235692,37
"01027",0,0,0,0,0.0484066000293208,5.38
"01029",0,0,0,0,0.0641968935665691,16.32
"01031",0,0,0,0,0.118265419928658,63.54
"01033",0.000765027322404372,22.7155498593159,1,1,0.221209048723056,93.57
"01035",0,0,0,0,0.0681688572074799,20.3
"01037",0,0,0,0,0.0591807764960005,12.57
"01039",0,0,0,0,0.112617487896393,59.75
"01041",0,0,0,0,0.0695879460666125,21.57
"01043",0,0,0,0,0.148269595951277,77.44
"01045",0,0,0,0,0.0798052271699748,32.55
"01047",0,0,0,0,0.122645637687612,66.43
"01049",0,0,0,0,0.11832837521875,63.6
"01051",0,0,0,0,0.130789543068714,69.68
"01053",0,0,0,0,0.104621542301629,53.58
"01055",0,0,0,0,0.151475890397459,78.52
"01057",0,0,0,0,0.0739186111672625,26.06
"01059",0,0,0,0,0.0771823854285659,29.94
"01061",0,0,0,0,0.0940988294704228,45.18
"01063",0,0,0,0,0.0512479602435955,6.84
"01065",0,0,0,0,0.0789011883001096,31.72
"01067",0,0,0,0,0.0906655765480387,42.38
"01069",0,0,0,0,0.182052275038922,86.92
"01071",0,0,0,0,0.12259780620585,66.34
"01073",0,0,0,0,0.247797455765046,96.56
"01075",0,0,0,0,0.0774061563759623,30.19
"01077",0.000166889185580774,4.95535192668178,1,1,0.224443819132351,94.08
"01079",0,0,0,0,0.0928354376643687,44.03
"01081",0,0,0,0,0.153284680198794,79.06
"01083",0,0,0,0,0.124164366960038,67.23
"01085",0,0,0,0,0.061544364096752,14.38
"01087",0,0,0,0,0.0528288126285679,8.11
"01089",0,0,0,0,0.151012499802216,78.36
"01091",0,0,0,0,0.093766032436877,44.83
"01093",0,0,0,0,0.075694168381013,28.25
"01095",0,0,0,0,0.138137285345616,73.11
"01097",0,0,0,0,0.24542205583302,96.34
"01099",0,0,0,0,0.0905500626327817,42.28
"01101",0,0,0,0,0.173912103309941,85.24
"01103",0,0,0,0,0.188999236298609,88.64
"01105",0,0,0,0,0.0535567358965112,8.62
"01107",0,0,0,0,0.0716643302056608,23.51
"01109",0,0,0,0,0.0762521693094918,28.89
"01111",0,0,0,0,0.08932579032709,41.3
"01113",0,0,0,0,0.105681537973113,54.6
"01115",0,0,0,0,0.171609655266068,84.6
"01117",0,0,0,0,0.227158823803868,94.46
"01119",0,0,0,0,0.065856749669783,18.29
"01121",0,0,0,0,0.122297657409897,66.15
"01123",0,0,0,0,0.0985065427127716,49.03
"01125",0,0,0,0,0.147299816115635,77.12
"01127",0,0,0,0,0.129578179225633,69.27
"01129",0,0,0,0,0.0573616814142276,11.23
"01131",0,0,0,0,0.0910120767306735,42.51
"01133",0,0,0,0,0.0832019067895345,35.95
"02013",0,0,0,0,0.0276903144342382,0.57
"02016",0,0,0,0,0.0469850427388991,4.8
"02020",0,0,0,0,0.205370232505334,91.28
"02050",0,0,0,0,0.0473796045250542,5
"02060",0,0,0,0,0.0394970344098693,2.13
"02063",0,0,0,0,0.0932291784289129,44.42
"02066",0,0,0,0,0.0829107670530929,35.67
"02068",0,0,0,0,0.0356803879935357,1.4
"02070",0,0,0,0,0.0352778365199415,1.18
"02090",0,0,0,0,0.132548730650154,70.47
"02100",0,0,0,0,0.0707458305727441,22.59
"02105",0,0,0,0,0.05370254902566,8.69
"02110",0,0,0,0,0.114874132285198,61.09
"02122",0,0,0,0,0.159075378225972,80.85
"02130",0,0,0,0,0.0954190147751773,46.52
"02150",0,0,0,0,0.0855685571767188,38.31
"02158",0,0,0,0,0.028588869448068,0.64
"02164",0,0,0,0,0.0295819166200584,0.7
"02170",0,0,0,0,0.161874319934075,81.8
"02180",0,0,0,0,0.0514287957437743,6.97
"02185",0,0,0,0,0.0450383050173042,4.1
"02188",0,0,0,0,0.0327591825504255,0.99
"02195",0,0,0,0,0.0648491575124302,17.09
"02198",0,0,0,0,0.051867721612353,7.38
"02220",0,0,0,0,0.0948096041473351,45.82
"02230",0,0,0,0,0.0563004728228304,10.47
"02240",0,0,0,0,0.0728612049753636,24.91
"02275",0,0,0,0,0.0481709304294029,5.31
"02282",0,0,0,0,0.0476939762549531,5.09
"02290",0,0,0,0,0.0519955130750422,7.48
"04001",0,0,0,0,0.0534523189561837,8.53
"04003",0,0,0,0,0.131884732406364,70.22
"04005",0,0,0,0,0.149671320594931,77.79
"04007",0,0,0,0,0.089498827602251,41.49
"04009",0,0,0,0,0.0980687579560401,48.55
"04011",0,0,0,0,0.0263714720726045,0.51
"04012",0,0,0,0,0.0731209058362558,25.17
"04013",0,0,0,0,0.314955122635597,99.3
"04015",0,0,0,0,0.193687833331992,89.31
"04017",0,0,0,0,0.120112282053504,65
"04019",0,0,0,0,0.20248143444207,90.65
"04021",0,0,0,0,0.170134685588955,84.19
"04023",0,0,0,0,0.109908333635524,58.03
"04025",0,0,0,0,0.200144143204285,90.3
"04027",0,0,0,0,0.144174199441739,75.79
"05001",0,0,0,0,0.0819006035286056,34.62
"05003",0,0,0,0,0.094925494749894,45.94
"05005",0,0,0,0,0.128341938828548,68.79
"05007",0,0,0,0,0.182342521129846,87.08
"05009",0,0,0,0,0.144473147658913,75.91
"05011",0,0,0,0,0.0665017945127615,19.03
"05013",0,0,0,0,0.0267877546505237,0.54
"05015",0,0,0,0,0.0976638393597517,48.39
"05017",0,0,0,0,0.0634211290183177,15.78
"05019",0,0,0,0,0.0766688432593104,29.43
"05021",0,0,0,0,0.0991228484517513,49.25
"05023",0,0,0,0,0.10575024465126,54.76
"05025",0,0,0,0,0.0462902116453291,4.61
"05027",0,0,0,0,0.08402389039115,36.84
"05029",0,0,0,0,0.101015432291901,50.3
"05031",0,0,0,0,0.179921302804133,86.51
"05033",0,0,0,0,0.139844133505091,73.91
"05035",0,0,0,0,0.149998840358403,78.01
"05037",0,0,0,0,0.0761219413298054,28.79
"05039",0,0,0,0,0.0590249169126085,12.44
"05041",0,0,0,0,0.0684411597285288,20.59
"05043",0,0,0,0,0.0891974278562894,41.14
"05045",0,0,0,0,0.172818002506448,84.86
"05047",0,0,0,0,0.0681920096174845,20.33
"05049",0,0,0,0,0.071548754288084,23.42
"05051",0,0,0,0,0.190296348924532,88.83
"05053",0,0,0,0,0.0804629626049522,33.12
"05055",0,0,0,0,0.110135117110391,58.32
"05057",0,0,0,0,0.0804709409847558,33.15
"05059",0,0,0,0,0.0872794991634947,39.93
"05061",0,0,0,0,0.0739801014155224,26.09
"05063",0,0,0,0,0.0996871382567354,49.6
"05065",0,0,0,0,0.0731427530035151,25.23
"05067",0,0,0,0,0.0764523903766072,29.11
"05069",0,0,0,0,0.135309355409249,71.87
"05071",0,0,0,0,0.0732114560917893,25.36
"05073",0,0,0,0,0.0544043138589736,9.42
"05075",0,0,0,0,0.091017408133936,42.54
"05077",0,0,0,0,0.0575563534448775,11.33
"05079",0,0,0,0,0.0542338743738682,9.26
"05081",0,0,0,0,0.059848400306822,12.95
"05083",0,0,0,0,0.0864134272051983,39.23
"05085",0,0,0,0,0.138269096954064,73.18
"05087",0,0,0,0,0.0862679193153617,38.98
"05089",0,0,0,0,0.0769910140735355,29.78
"05091",0,0,0,0,0.115322483102169,61.47
"05093",0,0,0,0,0.104907435048897,53.83
"05095",0,0,0,0,0.071682293847615,23.54
"05097",0,0,0,0,0.0832493914717233,36.02
"05099",0,0,0,0,0.056590651520958,10.56
"05101",0,0,0,0,0.0610469420701148,13.84
"05103",0,0,0,0,0.0880435273440572,40.63
"05105",0,0,0,0,0.0742594711995694,26.31
"05107",0,0,0,0,0.0847935430806379,37.7
"05109",0,0,0,0,0.0790828697753155,31.91
"05111",0,0,0,0,0.071702249548687,23.58
"05113",0,0,0,0,0.0919459091558458,43.4
"05115",0,0,0,0,0.145855102869183,76.65
"05117",0,0,0,0,0.0563298749480117,10.5
"05119",0,0,0,0,0.232343862305033,94.97
"05121",0,0,0,0,0.0773703421826598,30.1
"05123",0,0,0,0,0.0843814334109329,37.38
"05125",0,0,0,0,0.163751476515834,82.37
"05127",0,0,0,0,0.0467895794433551,4.71
"05129",0,0,0,0,0.0826070305432245,35.28
"05131",0,0,0,0,0.202921141945781,90.74
"05133",0,0,0,0,0.0688819661541817,21.09
"05135",0,0,0,0,0.0953188130076316,46.36
"05137",0,0,0,0,0.084820757650837,37.77
"05139",0,0,0,0,0.131580072517115,70
"05141",0,0,0,0,0.0916062988889046,43.05
"05143",0,0,0,0,0.194522433946338,89.44
"05145",0,0,0,0,0.144660332630516,76.07
"05147",0,0,0,0,0.0415054444427318,2.9
"05149",0,0,0,0,0.0858943141659435,38.43
"06001",0,0,0,0,0.298458396866814,99.01
"06003",0,0,0,0,0.0861212526343861,38.75
"06005",0,0,0,0,0.113518296078566,60.45
"06007",0,0,0,0,0.19981968889431,90.2
"06009",0,0,0,0,0.136780535493661,72.61
"06011",0,0,0,0,0.0788854810001088,31.69
"06013",0,0,0,0,0.259606778750895,97.39
"06015",0,0,0,0,0.0806803137169078,33.41
"06017",0,0,0,0,0.174622931637873,85.36
"06019",8.83408948932653e-05,2.6230592604951,1,1,0.295511543487822,98.85
"06021",0,0,0,0,0.107711932148153,56.35
"06023",0,0,0,0,0.15367374834752,79.26
"06025",0,0,0,0,0.124351861778816,67.29
"06027",0,0,0,0,0.0873055684938516,39.99
"06029",0,0,0,0,0.174831436086024,85.46
"06031",0,0,0,0,0.0838074217901552,36.72
"06033",0,0,0,0,0.112399003773086,59.59
"06035",0,0,0,0,0.0680718722023335,20.17
"06037",5.71023851475935e-07,0.0169551078624144,1,0,0.32245905965037,99.52
"06039",0,0,0,0,0.136078478249029,72.22
"06041",0,0,0,0,0.217299777109764,93.06
"06043",0,0,0,0,0.0784497121769473,31.28
"06045",0,0,0,0,0.1463714796882,76.84
"06047",0,0,0,0,0.132342516880571,70.41
"06049",0,0,0,0,0.0694441196041596,21.48
"06051",0,0,0,0,0.0746904999311169,26.98
"06053",0,0,0,0,0.116980049534417,62.58
"06055",0,0,0,0,0.135638106538122,71.97
"06057",0,0,0,0,0.188537486931761,88.51
"06059",0,0,0,0,0.344343438534552,99.78
"06061",0,0,0,0,0.201701698410206,90.49
"06063",0,0,0,0,0.0938263008168746,44.96
"06065",1.03831916892934e-06,0.0308302594704336,1,0,0.263160010347865,97.58
"06067",0,0,0,0,0.214652621394283,92.55
"06069",0,0,0,0,0.139223230930652,73.72
"06071",7.26744186046512e-06,0.215788290295619,1,0,0.308255085033363,99.2
"06073",7.16802794869236e-06,0.212836445827521,1,0,0.275964801769324,98.19
"06075",0,0,0,0,0.179942591024911,86.54
"06077",0.000334426209013255,9.92993975852697,1,1,0.307462482801705,99.14
"06079",0,0,0,0,0.204506412486634,91.03
"06081",0,0,0,0,0.181401300016993,86.8
"06083",0,0,0,0,0.188862277752716,88.58
"06085",0,0,0,0,0.158072095033761,80.66
"06087",0,0,0,0,0.222567509180214,93.8
"06089",0,0,0,0,0.198690115636629,90.04
"06091",0,0,0,0,0.107757208031751,56.38
"06093",0,0,0,0,0.102260750875272,51.57
"06095",0,0,0,0,0.255447839110869,97.07
"06097",5.07047966737653e-05,1.50555059044099,1,1,0.331123493774261,99.65
"06099",0,0,0,0,0.239825333829249,95.74
"06101",0,0,0,0,0.159600235246139,81.1
"06103",0,0,0,0,0.109793578639171,57.87
"06105",0,0,0,0,0.0984032353292056,48.84
"06107",1.02841510947479e-05,0.30536183494634,1,0,0.17696896634123,85.97
"06109",0,0,0,0,0.115367551626164,61.5
"06111",0,0,0,0,0.290917309857815,98.7
"06113",0,0,0,0,0.188414940439556,88.45
"06115",0.000876362744067024,26.0213733872097,1,1,0.152237404722667,78.78
"08001",0,0,0,0,0.258384888636021,97.3
"08003",0,0,0,0,0.100201510183222,49.83
"08005",0,0,0,0,0.228448814947507,94.62
"08007",0,0,0,0,0.115575579598943,61.6
"08009",0,0,0,0,0.0697018141354525,21.67
"08011",0,0,0,0,0.0489186533424171,5.63
"08013",0,0,0,0,0.233558102456465,95.16
"08014",0,0,0,0,0.165431506595638,82.95
"08015",0,0,0,0,0.126108897854062,67.83
"08017",0,0,0,0,0.0765846114995869,29.27
"08019",0,0,0,0,0.084140812321648,37.07
"08021",0,0,0,0,0.0693414888761316,21.41
"08023",0,0,0,0,0.0503129192980871,6.43
"08025",0,0,0,0,0.0279381663965994,0.6
"08027",0,0,0,0,0.0913482321595706,42.76
"08029",0,0,0,0,0.147394531469588,77.16
"08031",0,0,0,0,0.273165497142393,98
"08033",0,0,0,0,0.110997360416846,58.77
"08035",0,0,0,0,0.192988908983954,89.15
"08037",0,0,0,0,0.13333635347635,70.95
"08039",0,0,0,0,0.140556260058593,74.23
"08041",0,0,0,0,0.179459322495051,86.41
"08043",0,0,0,0,0.113086042580746,60.13
"08045",0,0,0,0,0.158804099871134,80.78
"08047",0,0,0,0,0.0302329647220884,0.8
"08049",0,0,0,0,0.0952237696322636,46.26
"08051",0,0,0,0,0.125080210860764,67.61
"08053",0,0,0,0,0.0557272220637005,9.93
"08055",0,0,0,0,0.056292541941694,10.44
"08057",0,0,0,0,0.0729475943093084,25.01
"08059",0,0,0,0,0.239961504454206,95.83
"08061",0,0,0,0,0.069704905530467,21.7
"08063",0,0,0,0,0.0753373079189726,27.74
"08065",0,0,0,0,0.0606454763491452,13.52
"08067",0,0,0,0,0.185015233281299,87.69
"08069",0,0,0,0,0.220400490338564,93.45
"08071",0,0,0,0,0.0773171609746305,30.07
"08073",0,0,0,0,0.0677396378371865,19.54
"08075",0,0,0,0,0.095526460910724,46.58
"08077",0,0,0,0,0.227472748346214,94.53
"08079",0,0,0,0,0.0439018919354643,3.75
"08081",0,0,0,0,0.0930310174708164,44.26
"08083",0,0,0,0,0.144103742879263,75.72
"08085",0,0,0,0,0.181342526437168,86.76
"08087",0,0,0,0,0.103421909757139,52.82
"08089",0,0,0,0,0.0966568830418419,47.6
"08091",0,0,0,0,0.0993559656660163,49.44
"08093",0,0,0,0,0.128210736308226,68.72
"08095",0,0,0,0,0.054018393263609,9
"08097",0,0,0,0,0.0974001796837697,48.2
"08099",0,0,0,0,0.0742610460281871,26.34
"08101",0,0,0,0,0.174745302011114,85.43
"08103",0,0,0,0,0.0515878957751662,7.13
"08105",0,0,0,0,0.0811971914143427,33.95
"08107",0,0,0,0,0.153495597553962,79.13
"08109",0,0,0,0,0.0717440240970818,23.61
"08111",0,0,0,0,0.0787079697561157,31.63
"08113",0,0,0,0,0.0949814979691348,46.04
"08115",0,0,0,0,0.0596805607686248,12.82
"08117",0,0,0,0,0.0999879205653915,49.7
"08119",0,0,0,0,0.101851592359352,51.07
"08121",0,0,0,0,0.0751741527349473,27.52
"08123",7.17735973644735e-06,0.213113529643768,1,0,0.232943267710688,95.07
"08125",0,0,0,0,0.0743066787576987,26.38
"09110",0,0,0,0,0.2211029785084,93.51
"09120",0,0,0,0,0.211462505844094,92.24
"09130",0,0,0,0,0.196043718209106,89.76
"09140",0,0,0,0,0.240374878334933,95.9
"09150",0,0,0,0,0.192066116297323,89.06
"09160",0,0,0,0,0.18260621794497,87.18
"09170",0,0,0,0,0.216326096867445,92.9
"09180",0,0,0,0,0.152528991550535,78.91
"09190",0,0,0,0,0.257091547764399,97.17
"10001",0,0,0,0,0.152491235163021,78.84
"10003",0,0,0,0,0.209360906486058,91.89
"10005",0,0,0,0,0.178581049802733,86.22
"11001",0,0,0,0,0.100428340973555,50.08
"12001",0,0,0,0,0.133252830249682,70.92
"12003",0,0,0,0,0.0745329652808006,26.66
"12005",0,0,0,0,0.201453903859122,90.42
"12007",0,0,0,0,0.0901038478709211,41.81
"12009",0,0,0,0,0.222793968298436,93.86
"12011",1.01730434694147e-06,0.030206277525384,1,0,0.325287344486617,99.62
"12013",0,0,0,0,0.0669834027361724,19.12
"12015",0,0,0,0,0.184441864698389,87.66
"12017",0,0,0,0,0.155942107218131,79.96
"12019",0,0,0,0,0.186249696735512,88.07
"12021",0,0,0,0,0.215224255154571,92.68
"12023",0,0,0,0,0.140625410177842,74.32
"12027",0,0,0,0,0.102237350563922,51.54
"12029",0,0,0,0,0.073158665930003,25.26
"12031",0,0,0,0,0.290698176976646,98.66
"12033",0,0,0,0,0.195652149116743,89.66
"12035",0,0,0,0,0.172494871467044,84.76
"12037",0,0,0,0,0.0928938295974982,44.13
"12039",0,0,0,0,0.0780069584864454,30.8
"12041",0,0,0,0,0.074880396546231,27.08
"12043",0,0,0,0,0.0835203077545003,36.33
"12045",0,0,0,0,0.0965585725551763,47.5
"12047",0.168288494562106,4996.90086487413,1,1,0.119643752011438,64.65
"12049",0,0,0,0,0.0877061859278992,40.25
"12051",0,0,0,0,0.127368647023087,68.53
"12053",0,0,0,0,0.17137343809695,84.57
"12055",0,0,0,0,0.164749523313755,82.79
"12057",0.000706293105915348,20.9715859719725,1,1,0.39421492960018,100
"12059",0,0,0,0,0.0796384291479673,32.42
"12061",0,0,0,0,0.201485488156995,90.45
"12063",0,0,0,0,0.0972339451411404,47.95
"12065",0,0,0,0,0.0853879240882604,38.21
"12067",0,0,0,0,0.0532368423653982,8.34
"12069",0,0,0,0,0.231203402722019,94.85
"12071",0,0,0,0,0.221529166578661,93.64
"12073",0,0,0,0,0.164783297813294,82.82
"12075",0,0,0,0,0.136998218150165,72.67
"12077",0,0,0,0,0.0358298242319279,1.43
"12079",0,0,0,0,0.0771722530623171,29.91
"12081",0.000515227134468075,15.2983655866029,1,1,0.320392404825261,99.4
"12083",0,0,0,0,0.23387491520158,95.2
"12085",0,0,0,0,0.206037516090735,91.31
"12086",0,0,0,0,0.323862099222204,99.59
"12087",0,0,0,0,0.145725212145559,76.61
"12089",0,0,0,0,0.173330043921844,85.08
"12091",0,0,0,0,0.130621546231603,69.65
"12093",0,0,0,0,0.12123026127623,65.57
"12095",9.63219464738944e-07,0.0286003638510258,1,0,0.244797794914929,96.21
"12097",0,0,0,0,0.184384599911459,87.62
"12099",0,0,0,0,0.280680284697482,98.35
"12101",0,0,0,0,0.219886620869579,93.35
"12103",1.62833299409729e-05,0.483492265331606,1,0,0.297634126143139,98.98
"12105",0.00413462560382333,122.767241512466,1,1,0.342229585488405,99.75
"12107",0,0,0,0,0.132203303217418,70.28
"12109",0,0,0,0,0.199738030787425,90.17
"12111",0,0,0,0,0.224172661351339,94.02
"12113",0,0,0,0,0.189325700846594,88.71
"12115",0,0,0,0,0.236926219895983,95.51
"12117",0,0,0,0,0.258038014278932,97.23
"12119",0,0,0,0,0.137546773523561,72.89
"12121",0,0,0,0,0.103469071472905,52.88
"12123",0,0,0,0,0.0864059262207919,39.17
"12125",0,0,0,0,0.0452395651832907,4.23
"12127",0,0,0,0,0.239654626714039,95.64
"12129",0,0,0,0,0.108510501319048,57.11
"12131",0,0,0,0,0.169948401562907,84.06
"12133",0,0,0,0,0.0826497229658927,35.35
"13001",0,0,0,0,0.0837087191743168,36.59
"13003",0,0,0,0,0.0649694683322102,17.37
"13005",0,0,0,0,0.0767224048082078,29.53
"13007",0,0,0,0,0.0652427602923966,17.79
"13009",0,0,0,0,0.0995103536780876,49.57
"13011",0,0,0,0,0.0764804620799822,29.18
"13013",0,0,0,0,0.163726673687411,82.34
"13015",0,0,0,0,0.171083457249593,84.47
"13017",0,0,0,0,0.0753521504687398,27.84
"13019",0,0,0,0,0.0786646834958108,31.59
"13021",0,0,0,0,0.185139919548262,87.75
"13023",0,0,0,0,0.064190738037524,16.29
"13025",0,0,0,0,0.0612693303630334,14.09
"13027",0,0,0,0,0.0712302404584825,23.07
"13029",0,0,0,0,0.111900885807091,59.27
"13031",0,0,0,0,0.14546363700235,76.46
"13033",0,0,0,0,0.0811977547057493,33.98
"13035",0,0,0,0,0.0758444005648344,28.38
"13037",0,0,0,0,0.0443435963208461,3.95
"13039",0,0,0,0,0.0893898188281135,41.36
"13043",0,0,0,0,0.0884236780179004,40.88
"13045",0,0,0,0,0.140827629277579,74.42
"13047",0,0,0,0,0.13586583936528,72.06
"13049",0,0,0,0,0.0649974181915064,17.44
"13051",0,0,0,0,0.207613103746428,91.66
"13053",0,0,0,0,0.0197373954899705,0.13
"13055",0,0,0,0,0.0644301430002671,16.7
"13057",0,0,0,0,0.209911002994609,92.01
"13059",0,0,0,0,0.133945710216817,71.27
"13061",0,0,0,0,0.049209246569986,5.89
"13063",0,0,0,0,0.153747719533897,79.29
"13065",0,0,0,0,0.0774123356251707,30.23
"13067",0,0,0,0,0.265962019697073,97.71
"13069",0,0,0,0,0.113240544713772,60.29
"13071",0,0,0,0,0.108337218683684,56.82
"13073",0,0,0,0,0.162409328841822,82.02
"13075",0,0,0,0,0.0864264951039652,39.26
"13077",0,0,0,0,0.171229601587822,84.51
"13079",0,0,0,0,0.059442248064644,12.69
"13081",0,0,0,0,0.0958109395976686,46.77
"13083",0,0,0,0,0.0658607378072387,18.33
"13085",0,0,0,0,0.104590209896014,53.55
"13087",0,0,0,0,0.10308274676723,52.47
"13089",0,0,0,0,0.221522165768921,93.6
"13091",0,0,0,0,0.0759037603533078,28.54
"13093",0,0,0,0,0.0635908288823336,15.91
"13095",0,0,0,0,0.147532999042637,77.22
"13097",0,0,0,0,0.16998618610416,84.09
"13099",0,0,0,0,0.0598461363630993,12.92
"13101",0,0,0,0,0.0489524153186894,5.73
"13103",0,0,0,0,0.106869772877846,55.62
"13105",0,0,0,0,0.0864949960603136,39.29
"13107",0,0,0,0,0.0862304488777283,38.85
"13109",0,0,0,0,0.0662023136459967,18.61
"13111",0,0,0,0,0.12052375851172,65.22
"13113",0,0,0,0,0.212396450058692,92.33
"13115",0,0,0,0,0.135907796439214,72.13
"13117",0,0,0,0,0.232475588895314,95
"13119",0,0,0,0,0.100421279487348,50.05
"13121",0,0,0,0,0.256270298776665,97.1
"13123",0,0,0,0,0.11574511985503,61.76
"13125",0,0,0,0,0.0506986916988327,6.68
"13127",0,0,0,0,0.159111329877111,80.94
"13129",0,0,0,0,0.102397545560727,51.77
"13131",0,0,0,0,0.0884229192014157,40.85
"13133",0,0,0,0,0.0951049725107397,46.2
"13135",0,0,0,0,0.336636975256803,99.71
"13137",0,0,0,0,0.108697901473023,57.33
"13139",0,0,0,0,0.187535212706405,88.32
"13141",0,0,0,0,0.0769903748504418,29.75
"13143",0,0,0,0,0.0982274058364112,48.68
"13145",0,0,0,0,0.0879356854593635,40.41
"13147",0,0,0,0,0.0803977984187467,33.09
"13149",0,0,0,0,0.0700673452770894,22.05
"13151",0,0,0,0,0.143040135438205,75.34
"13153",0,0,0,0,0.0998835673226072,49.67
"13155",0,0,0,0,0.0584123140384417,11.96
"13157",0,0,0,0,0.117004408003399,62.62
"13159",0,0,0,0,0.0953540708865586,46.42
"13161",0,0,0,0,0.0775821976015393,30.38
"13163",0,0,0,0,0.0833880382363419,36.24
"13165",0,0,0,0,0.0535126018699779,8.59
"13167",0,0,0,0,0.0683005236686455,20.46
"13169",0,0,0,0,0.0826869077859094,35.41
"13171",0,0,0,0,0.0755943562050748,28.13
"13173",0,0,0,0,0.0582777356789757,11.93
"13175",0,0,0,0,0.121722724158956,65.89
"13177",0,0,0,0,0.111476158439701,58.99
"13179",0,0,0,0,0.0458127639589314,4.42
"13181",0,0,0,0,0.0785734514025359,31.47
"13183",0,0,0,0,0.0714457818854065,23.26
"13185",0,0,0,0,0.161641309200005,81.71
"13187",0,0,0,0,0.109020959822451,57.59
"13189",0,0,0,0,0.0937215430067667,44.8
"13191",0,0,0,0,0.0781792256545915,30.99
"13193",0,0,0,0,0.0662649652915445,18.8
"13195",0,0,0,0,0.0983982658694522,48.81
"13197",0,0,0,0,0.0429318914788751,3.4
"13199",0,0,0,0,0.08270793960954,35.44
"13201",0,0,0,0,0.0498475086188336,6.08
"13205",0,0,0,0,0.081230438860716,34.01
"13207",0,0,0,0,0.0877616471937033,40.31
"13209",0,0,0,0,0.0630515977088092,15.56
"13211",0,0,0,0,0.102340916282316,51.73
"13213",0,0,0,0,0.0764845981181815,29.21
"13215",0,0,0,0,0.15287914092627,79
"13217",0,0,0,0,0.154627558783701,79.48
"13219",0,0,0,0,0.135353680478406,71.91
"13221",0,0,0,0,0.0693199491188083,21.35
"13223",0,0,0,0,0.179064398027335,86.32
"13225",0,0,0,0,0.0820458079974901,34.84
"13227",0,0,0,0,0.129742801209158,69.33
"13229",0,0,0,0,0.0860585258692284,38.66
"13231",0,0,0,0,0.0916820092726768,43.18
"13233",0,0,0,0,0.100124471885722,49.79
"13235",0,0,0,0,0.0600754591425392,13.08
"13237",0,0,0,0,0.103917291640956,53.13
"13239",0,0,0,0,0.0371390859894431,1.72
"13241",0,0,0,0,0.0925743312456915,43.91
"13243",0,0,0,0,0.0611562634021847,13.97
"13245",0,0,0,0,0.157636968762837,80.53
"13247",0,0,0,0,0.181550526635446,86.83
"13249",0,0,0,0,0.0688325997802394,21
"13251",0,0,0,0,0.0733256969148281,25.55
"13253",0,0,0,0,0.058268092501465,11.9
"13255",0,0,0,0,0.133171599610031,70.86
"13257",0,0,0,0,0.0960069984742478,46.96
"13259",0,0,0,0,0.0239331381211105,0.25
"13261",0,0,0,0,0.11154015112507,59.12
"13263",0,0,0,0,0.051846312149733,7.35
"13265",0,0,0,0,0.0239841215695013,0.29
"13267",0,0,0,0,0.0630993367312406,15.65
"13269",0,0,0,0,0.0736497595663185,25.77
"13271",0,0,0,0,0.0653781504036314,17.85
"13273",0,0,0,0,0.0743360588256779,26.5
"13275",0,0,0,0,0.145521754862286,76.55
"13277",0,0,0,0,0.128507054667746,68.85
"13279",0,0,0,0,0.0974242961688038,48.23
"13281",0,0,0,0,0.0713694610141197,23.23
"13283",0,0,0,0,0.0707235815097189,22.53
"13285",0,0,0,0,0.104741694526093,53.71
"13287",0,0,0,0,0.0780954403264486,30.83
"13289",0,0,0,0,0.0571814762504144,11.14
"13291",0,0,0,0,0.10701335934115,55.84
"13293",0,0,0,0,0.0849952170770941,37.93
"13295",0,0,0,0,0.090684051715797,42.41
"13297",0,0,0,0,0.158734272495877,80.75
"13299",0,0,0,0,0.103045544205541,52.43
"13301",0,0,0,0,0.0936622952137636,44.73
"13303",0,0,0,0,0.0820433989872197,34.81
"13305",0,0,0,0,0.0962627885624835,47.25
"13307",0,0,0,0,0.0727041805848276,24.63
"13309",0,0,0,0,0.0782522826725294,31.02
"13311",0,0,0,0,0.118649405557032,64.02
"13313",0,0,0,0,0.140354463709237,74.2
"13315",0,0,0,0,0.0568815769959249,10.79
"13317",0,0,0,0,0.069743263249062,21.76
"13319",0,0,0,0,0.052080397210799,7.57
"13321",0,0,0,0,0.0928340901851703,44
"15001",0,0,0,0,0.183295493613234,87.37
"15003",0,0,0,0,0.203137846580922,90.77
"15007",0,0,0,0,0.149813325491568,77.92
"15009",0,0,0,0,0.193920923327657,89.37
"16001",0,0,0,0,0.294724780644343,98.79
"16003",0,0,0,0,0.0806251915617983,33.38
"16005",0,0,0,0,0.189586642264124,88.74
"16007",0,0,0,0,0.0914891676813692,42.86
"16009",0,0,0,0,0.0828542922435323,35.6
"16011",0,0,0,0,0.136183912890643,72.29
"16013",0,0,0,0,0.155444976258598,79.86
"16015",0,0,0,0,0.0875835375773411,40.15
"16017",0,0,0,0,0.187495899059245,88.29
"16019",0,0,0,0,0.247411680562645,96.5
"16021",0,0,0,0,0.094620679381219,45.59
"16023",0,0,0,0,0.0196325860843563,0.1
"16025",0,0,0,0,0.0726790352830506,24.59
"16027",0,0,0,0,0.24352206459265,96.15
"16029",0.10916812390707,3241.47110702572,1,1,0.13695464594581,72.64
"16031",0,0,0,0,0.113711908340346,60.55
"16033",0,0,0,0,0.0490345021871376,5.79
"16035",0,0,0,0,0.079018259117715,31.82
"16037",0,0,0,0,0.074492481937686,26.63
"16039",0,0,0,0,0.0795300117300284,32.29
"16041",0,0,0,0,0.106911121496781,55.74
"16043",0,0,0,0,0.0976679333394985,48.46
"16045",0,0,0,0,0.136473652195134,72.41
"16047",0,0,0,0,0.0688955909184395,21.13
"16049",0,0,0,0,0.117958499823093,63.25
"16051",0,0,0,0,0.125445722276673,67.71
"16053",0,0,0,0,0.103357094402922,52.69
"16055",0,0,0,0,0.244919562471477,96.28
"16057",0,0,0,0,0.126517911818853,68.06
"16059",0,0,0,0,0.0994287464934302,49.51
"16061",0,0,0,0,0.064199658556086,16.35
"16063",0,0,0,0,0.0757356370636887,28.29
"16065",0,0,0,0,0.111210183673432,58.83
"16067",0,0,0,0,0.110254788472934,58.45
"16069",0,0,0,0,0.13600819637399,72.19
"16071",0,0,0,0,0.0661331275203933,18.58
"16073",0,0,0,0,0.0825449245761761,35.19
"16075",0,0,0,0,0.120472354009395,65.16
"16077",0.0500525762355415,1486.18455546439,1,1,0.105541162646782,54.47
"16079",0,0,0,0,0.0894382149814681,41.43
"16081",0,0,0,0,0.131308048261269,69.84
"16083",0,0,0,0,0.206528034196254,91.41
"16085",0,0,0,0,0.114493750311883,60.9
"16087",0,0,0,0,0.1021966606125,51.45
"17001",0,0,0,0,0.161391469681804,81.61
"17003",0,0,0,0,0.0438134925670603,3.72
"17005",0,0,0,0,0.0779503136197458,30.64
"17007",0,0,0,0,0.121477957630275,65.73
"17009",0,0,0,0,0.0432875299350102,3.5
"17011",0,0,0,0,0.108410099137425,56.89
"17013",0,0,0,0,0.077062792965564,29.88
"17015",0,0,0,0,0.0850308056271203,37.99
"17017",0,0,0,0,0.0656358138445003,18.04
"17019",0,0,0,0,0.130192253793741,69.42
"17021",0.000755857898715042,22.4432870330138,1,1,0.15626436208489,80.05
"17023",0,0,0,0,0.0761512301176039,28.83
"17025",0,0,0,0,0.0790158737907936,31.78
"17027",0,0,0,0,0.107883523062934,56.51
"17029",0,0,0,0,0.0968724284146915,47.73
"17031",0,0,0,0,0.356218493769978,99.94
"17033",0,0,0,0,0.0868453726512428,39.58
"17035",0,0,0,0,0.0561065112458414,10.21
"17037",0,0,0,0,0.149357505118954,77.63
"17039",0,0,0,0,0.0681373028129075,20.27
"17041",0,0,0,0,0.105053705530998,53.96
"17043",0,0,0,0,0.355510921588115,99.9
"17045",0,0,0,0,0.0489304848310301,5.66
"17047",0,0,0,0,0.0648955080981366,17.15
"17049",0,0,0,0,0.130601379830801,69.62
"17051",0,0,0,0,0.112806304336075,59.91
"17053",0,0,0,0,0.0743231677893715,26.44
"17055",0,0,0,0,0.108447346071169,57.02
"17057",0,0,0,0,0.0976555580325665,48.36
"17059",0,0,0,0,0.0605737198342047,13.46
"17061",0,0,0,0,0.054071412197338,9.07
"17063",0,0,0,0,0.110459028162025,58.51
"17065",0,0,0,0,0.0752881390698281,27.71
"17067",0,0,0,0,0.0830497930235512,35.76
"17069",0,0,0,0,0.0401299896765963,2.23
"17071",0,0,0,0,0.0654186970533062,17.91
"17073",0,0,0,0,0.111273741318862,58.89
"17075",0,0,0,0,0.0885645922876477,40.95
"17077",0,0,0,0,0.101797561923098,51
"17079",0,0,0,0,0.070995470093266,22.88
"17081",0,0,0,0,0.0962431001915704,47.18
"17083",0,0,0,0,0.0805178509944518,33.18
"17085",0,0,0,0,0.14123019119472,74.61
"17087",0,0,0,0,0.0532637424025447,8.4
"17089",0,0,0,0,0.30777813458986,99.17
"17091",0,0,0,0,0.165796951592009,83.07
"17093",0,0,0,0,0.16252952101237,82.06
"17095",0,0,0,0,0.101852868341829,51.1
"17097",0,0,0,0,0.226827149989403,94.34
"17099",0,0,0,0,0.186187355801394,88.01
"17101",0,0,0,0,0.0589187461817675,12.38
"17103",0,0,0,0,0.110174564591809,58.38
"17105",0,0,0,0,0.0975379088790781,48.3
"17107",0,0,0,0,0.0783399345675771,31.15
"17109",0,0,0,0,0.076599813570559,29.34
"17111",0,0,0,0,0.2399261025052,95.8
"17113",0,0,0,0,0.128668569080988,68.98
"17115",0,0,0,0,0.149593491832727,77.76
"17117",0,0,0,0,0.094922697348306,45.91
"17119",0,0,0,0,0.194826442492655,89.5
"17121",0,0,0,0,0.105128091670076,53.99
"17123",0,0,0,0,0.0649494230503283,17.34
"17125",0,0,0,0,0.072871071424773,24.94
"17127",0,0,0,0,0.0712721015999228,23.1
"17129",0,0,0,0,0.0766874806924955,29.46
"17131",0,0,0,0,0.070698692207587,22.49
"17133",0,0,0,0,0.116256097866803,62.23
"17135",0,0,0,0,0.0915449979481045,42.95
"17137",0,0,0,0,0.0949915709772165,46.07
"17139",0,0,0,0,0.0779895320637216,30.7
"17141",0,0,0,0,0.119470676352767,64.46
"17143",0,0,0,0,0.156690369966467,80.24
"17145",0,0,0,0,0.0770262130257159,29.84
"17147",0,0,0,0,0.085094254938931,38.05
"17149",0,0,0,0,0.0897721781366357,41.58
"17151",0,0,0,0,0.0530531474162169,8.27
"17153",0,0,0,0,0.0409880256898841,2.58
"17155",0,0,0,0,0.079227072970779,32.04
"17157",0,0,0,0,0.0966113114032764,47.57
"17159",0,0,0,0,0.0914075375662678,42.83
"17161",0,0,0,0,0.154149496412196,79.38
"17163",0,0,0,0,0.197504613554317,89.95
"17165",0,0,0,0,0.0744180061131687,26.57
"17167",0,0,0,0,0.12308891078132,66.62
"17169",0,0,0,0,0.0596816688548394,12.85
"17171",0,0,0,0,0.0802173379508102,32.87
"17173",0,0,0,0,0.0752425048599999,27.59
"17175",0,0,0,0,0.0536234526718462,8.65
"17177",0,0,0,0,0.116690112932341,62.42
"17179",0,0,0,0,0.155542929389053,79.89
"17181",0,0,0,0,0.0708472290204407,22.72
"17183",0,0,0,0,0.129468016497366,69.23
"17185",0,0,0,0,0.070031054546954,21.99
"17187",0,0,0,0,0.0581593984060607,11.87
"17189",0,0,0,0,0.0738433608178774,25.96
"17191",0,0,0,0,0.0869270309790171,39.64
"17193",0,0,0,0,0.0686049701991073,20.78
"17195",0,0,0,0,0.142114709730151,74.93
"17197",0,0,0,0,0.279187966223503,98.25
"17199",0,0,0,0,0.121673972113101,65.86
"17201",0,0,0,0,0.212457256965049,92.36
"17203",0,0,0,0,0.0878998535953795,40.38
"18001",0,0,0,0,0.129302766276999,69.14
"18003",0,0,0,0,0.254105861679562,96.98
"18005",0,0,0,0,0.12299520219302,66.53
"18007",0,0,0,0,0.102204873560228,51.48
"18009",0,0,0,0,0.0811170055805079,33.88
"18011",0,0,0,0,0.137285005155979,72.8
"18013",0,0,0,0,0.098888614530802,49.16
"18015",0,0,0,0,0.0904456994011142,42.13
"18017",0,0,0,0,0.106530704030107,55.27
"18019",0,0,0,0,0.18898308172655,88.61
"18021",0,0,0,0,0.0841480982345595,37.1
"18023",0,0,0,0,0.0917278270144019,43.21
"18025",0,0,0,0,0.061683059905495,14.44
"18027",0,0,0,0,0.115322431613038,61.44
"18029",0,0,0,0,0.127198057419822,68.34
"18031",0,0,0,0,0.108330190125771,56.76
"18033",0,0,0,0,0.124978256214068,67.58
"18035",0,0,0,0,0.162234272223678,81.9
"18037",0,0,0,0,0.111606865876456,59.18
"18039",0,0,0,0,0.215404194115705,92.75
"18041",0,0,0,0,0.0838713904308906,36.78
"18043",0,0,0,0,0.147833438860987,77.31
"18045",0,0,0,0,0.0870727646898459,39.74
"18047",0,0,0,0,0.101244782815848,50.49
"18049",0,0,0,0,0.115773489159971,61.79
"18051",0,0,0,0,0.0803049100565284,32.93
"18053",0,0,0,0,0.101776043155758,50.97
"18055",0,0,0,0,0.103023439253145,52.4
"18057",0,0,0,0,0.207294263604087,91.6
"18059",0,0,0,0,0.156551358147842,80.18
"18061",0,0,0,0,0.112713662586019,59.85
"18063",0,0,0,0,0.129668408732714,69.3
"18065",0,0,0,0,0.11712204300118,62.71
"18067",0,0,0,0,0.13120507381116,69.81
"18069",0,0,0,0,0.125821501646749,67.77
"18071",0,0,0,0,0.114274639459215,60.8
"18073",0,0,0,0,0.10372061991254,53.01
"18075",0,0,0,0,0.0878235044355745,40.34
"18077",0,0,0,0,0.096263719060121,47.28
"18079",0,0,0,0,0.0836692510642159,36.53
"18081",0,0,0,0,0.176236086326034,85.91
"18083",0,0,0,0,0.101559949379656,50.68
"18085",0,0,0,0,0.160150147564691,81.26
"18087",0,0,0,0,0.157559513974029,80.46
"18089",0,0,0,0,0.242455545701798,96.05
"18091",0,0,0,0,0.193837361712969,89.34
"18093",0,0,0,0,0.109821633805102,57.91
"18095",0,0,0,0,0.168972707793529,83.84
"18097",0,0,0,0,0.262990994375139,97.55
"18099",0,0,0,0,0.140070720360558,74.04
"18101",0,0,0,0,0.0396408767402723,2.16
"18103",0,0,0,0,0.0953673279060172,46.45
"18105",0,0,0,0,0.117294822288342,62.84
"18107",0,0,0,0,0.106480838531934,55.23
"18109",0,0,0,0,0.138922461896715,73.53
"18111",0,0,0,0,0.0822960708994331,34.97
"18113",0.00334990274475902,99.4668825464658,1,1,0.212128705123586,92.27
"18115",0,0,0,0,0.067280978896151,19.41
"18117",0,0,0,0,0.0707372994455311,22.56
"18119",0,0,0,0,0.0703717143328872,22.34
"18121",0,0,0,0,0.090502873908265,42.19
"18123",0,0,0,0,0.0706710126430281,22.46
"18125",0,0,0,0,0.0726508595228714,24.53
"18127",0,0,0,0,0.199954557758699,90.23
"18129",0,0,0,0,0.107823034210864,56.47
"18131",0,0,0,0,0.0671951805075886,19.31
"18133",0,0,0,0,0.0934180195387106,44.58
"18135",0,0,0,0,0.110090386324295,58.19
"18137",0,0,0,0,0.102721608469886,52.18
"18139",0,0,0,0,0.0938059708831103,44.93
"18141",0,0,0,0,0.22616533168147,94.27
"18143",0,0,0,0,0.065804280599416,18.26
"18145",0,0,0,0,0.118923377369127,64.21
"18147",0,0,0,0,0.092791644418431,43.97
"18149",0,0,0,0,0.0837472263322856,36.62
"18151",0,0,0,0,0.124608368692113,67.42
"18153",0,0,0,0,0.0712794443241784,23.13
"18155",0,0,0,0,0.0714789915589619,23.35
"18157",0,0,0,0,0.149508997941365,77.7
"18159",0,0,0,0,0.0841659763178438,37.16
"18161",0,0,0,0,0.117506470865059,63
"18163",0,0,0,0,0.223032146605779,93.89
"18165",0,0,0,0,0.0641040439995562,16.23
"18167",0,0,0,0,0.166153338936836,83.23
"18169",0.000142806140664049,4.24026686821524,1,1,0.189609264841575,88.77
"18171",0,0,0,0,0.119794983473502,64.81
"18173",0,0,0,0,0.140032964780138,73.94
"18175",0,0,0,0,0.0959877520222595,46.93
"18177",0,0,0,0,0.142846395029684,75.28
"18179",0,0,0,0,0.121421112547267,65.7
"18181",0,0,0,0,0.10273073427804,52.21
"18183",0,0,0,0,0.108997363932609,57.56
"19001",0,0,0,0,0.0688021429797397,20.97
"19003",0,0,0,0,0.0615276248109574,14.35
"19005",0,0,0,0,0.0916655478627004,43.14
"19007",0,0,0,0,0.0965608179136227,47.53
"19009",0,0,0,0,0.0659394488506211,18.39
"19011",0,0,0,0,0.132201974403826,70.25
"19013",0,0,0,0,0.163649627837399,82.31
"19015",0,0,0,0,0.113191111143118,60.26
"19017",0,0,0,0,0.0934375053025166,44.61
"19019",0,0,0,0,0.107053743366618,55.9
"19021",0,0,0,0,0.0814185284685473,34.2
"19023",0,0,0,0,0.0884351874375936,40.92
"19025",0,0,0,0,0.0687696842372322,20.94
"19027",7.77604976671851e-05,2.30890114655344,1,1,0.196083791169784,89.79
"19029",0,0,0,0,0.0993446658824063,49.38
"19031",0,0,0,0,0.107349698889032,56.09
"19033",0,0,0,0,0.166099169806831,83.17
"19035",0,0,0,0,0.0908594818616202,42.44
"19037",0,0,0,0,0.0809373406646077,33.73
"19039",0,0,0,0,0.0521010869612174,7.6
"19041",0,0,0,0,0.140834202308038,74.45
"19043",0,0,0,0,0.105412548796992,54.37
"19045",0,0,0,0,0.142174749114753,75.02
"19047",0.000930479861757278,27.6282442127796,1,1,0.163763369078021,82.41
"19049",0,0,0,0,0.10712821144666,55.93
"19051",0,0,0,0,0.0852070160897971,38.12
"19053",0,0,0,0,0.0819687434676091,34.68
"19055",0,0,0,0,0.106555792912734,55.33
"19057",0,0,0,0,0.147686300100742,77.25
"19059",0,0,0,0,0.115550496182594,61.53
"19061",0,0,0,0,0.206047718459039,91.35
"19063",0,0,0,0,0.0851844833401947,38.08
"19065",0,0,0,0,0.103192018459074,52.56
"19067",0,0,0,0,0.0900343078929161,41.74
"19069",0,0,0,0,0.0798840360810718,32.68
"19071",0,0,0,0,0.0598695730960746,12.98
"19073",0,0,0,0,0.0730484155501519,25.14
"19075",0,0,0,0,0.0780057740936364,30.77
"19077",0,0,0,0,0.0983590953081571,48.78
"19079",0,0,0,0,0.0870942668886947,39.77
"19081",0,0,0,0,0.0784831960103042,31.31
"19083",0,0,0,0,0.0922004346914082,43.53
"19085",0.00654112983151635,194.222293077175,1,1,0.142461369286075,75.21
"19087",0,0,0,0,0.0914925732462547,42.89
"19089",0,0,0,0,0.0789864930777755,31.75
"19091",0,0,0,0,0.0879565677644696,40.47
"19093",0,0,0,0,0.0664110874939234,18.96
"19095",0,0,0,0,0.0825510387581407,35.22
"19097",0,0,0,0,0.106853805828701,55.55
"19099",0,0,0,0,0.144685912427304,76.11
"19101",0,0,0,0,0.120313482491175,65.07
"19103",0,0,0,0,0.107442584481868,56.16
"19105",0,0,0,0,0.106473392178222,55.2
"19107",0,0,0,0,0.0817737967104308,34.52
"19109",0,0,0,0,0.108097776235526,56.63
"19111",0,0,0,0,0.117054088286099,62.65
"19113",0,0,0,0,0.235193772023819,95.29
"19115",0,0,0,0,0.0588535193500354,12.34
"19117",0,0,0,0,0.0701102373981948,22.14
"19119",0,0,0,0,0.0776634279417847,30.48
"19121",0,0,0,0,0.108498324807464,57.08
"19123",0,0,0,0,0.102677430632671,52.08
"19125",0,0,0,0,0.0972531738816669,48.01
"19127",0,0,0,0,0.11475115018352,61.02
"19129",0.00443240581137651,131.609071018023,1,1,0.161140419949834,81.55
"19131",0,0,0,0,0.0816942178389083,34.46
"19133",0,0,0,0,0.074327907635953,26.47
"19135",0,0,0,0,0.0767682438205824,29.56
"19137",0,0,0,0,0.0792682372982948,32.07
"19139",0,0,0,0,0.111991870588215,59.34
"19141",0,0,0,0,0.0943550705045307,45.4
"19143",0,0,0,0,0.0634357015602289,15.81
"19145",0,0,0,0,0.0754234067136181,27.9
"19147",0,0,0,0,0.0714525663137367,23.29
"19149",0,0,0,0,0.0933316349125479,44.51
"19151",0,0,0,0,0.0603055190358212,13.3
"19153",2.88931329690872e-06,0.0857908447620426,1,0,0.283394606329273,98.41
"19155",0,0,0,0,0.15576084402908,79.92
"19157",0,0,0,0,0.065542473245308,17.98
"19159",0,0,0,0,0.0733184029848269,25.52
"19161",0,0,0,0,0.0869946626282563,39.68
"19163",0,0,0,0,0.225300940177581,94.18
"19165",0,0,0,0,0.0927821800502395,43.94
"19167",0,0,0,0,0.109894983936069,58
"19169",0,0,0,0,0.111835532882721,59.24
"19171",0,0,0,0,0.0755408842846286,28.09
"19173",0,0,0,0,0.0500862630433753,6.27
"19175",0,0,0,0,0.0867917617563634,39.45
"19177",0,0,0,0,0.0722887347456505,24.15
"19179",0,0,0,0,0.120991279836787,65.48
"19181",0,0,0,0,0.123670210533371,67.07
"19183",0,0,0,0,0.111568920466154,59.15
"19185",0,0,0,0,0.0617493611350381,14.6
"19187",0,0,0,0,0.127108069661368,68.25
"19189",0,0,0,0,0.089205102570844,41.17
"19191",0,0,0,0,0.10161535185895,50.75
"19193",0,0,0,0,0.188496649119394,88.48
"19195",0,0,0,0,0.0698775574717248,21.92
"19197",0,0,0,0,0.0571309979899012,11.04
"20001",0,0,0,0,0.0759909923472221,28.6
"20003",0,0,0,0,0.0868858682461051,39.61
"20005",0,0,0,0,0.0865739381680627,39.33
"20007",0,0,0,0,0.0613320818123549,14.19
"20009",0,0,0,0,0.118210905662433,63.47
"20011",0,0,0,0,0.0879761598749655,40.53
"20013",0,0,0,0,0.0593699650716229,12.66
"20015",0,0,0,0,0.120417566014289,65.1
"20017",0,0,0,0,0.0412424718680896,2.7
"20019",0,0,0,0,0.0425869093459242,3.21
"20021",0,0,0,0,0.0841566747531457,37.13
"20023",0,0,0,0,0.0448239743681414,4.01
"20025",0,0,0,0,0.0461268561674225,4.55
"20027",0,0,0,0,0.0825438163766419,35.16
"20029",0,0,0,0,0.085295089468558,38.15
"20031",0,0,0,0,0.0562388363629913,10.37
"20033",0,0,0,0,0.0441497748650477,3.82
"20035",0,0,0,0,0.0915575520976161,42.98
"20037",0,0,0,0,0.102225414507106,51.51
"20039",0,0,0,0,0.0429241451924023,3.37
"20041",0,0,0,0,0.0941628620878617,45.21
"20043",0,0,0,0,0.0580895239394068,11.84
"20045",0,0,0,0,0.145875426288379,76.68
"20047",0,0,0,0,0.0511185394663876,6.81
"20049",0,0,0,0,0.0528207245312761,8.08
"20051",0,0,0,0,0.118544231601546,63.92
"20053",0,0,0,0,0.054075222446958,9.1
"20055",0,0,0,0,0.127450888575714,68.57
"20057",0.000598414202363736,17.7683950000562,1,1,0.175407062244922,85.62
"20059",0,0,0,0,0.0872279972779672,39.83
"20061",0,0,0,0,0.0441884311259741,3.85
"20063",0,0,0,0,0.0424353082579181,3.18
"20065",0,0,0,0,0.0540984436709931,9.16
"20067",0,0,0,0,0.0725384438575922,24.4
"20069",0,0,0,0,0.0558202386109937,9.96
"20071",0,0,0,0,0.0409795181066926,2.55
"20073",0,0,0,0,0.0620024185858003,14.76
"20075",0,0,0,0,0.035217112685157,1.11
"20077",0,0,0,0,0.0752768920848196,27.65
"20079",0,0,0,0,0.108375453790308,56.86
"20081",0,0,0,0,0.050466008024449,6.55
"20083",0,0,0,0,0.0406676666855115,2.42
"20085",0,0,0,0,0.0602848420734875,13.27
"20087",0,0,0,0,0.0937866896895007,44.89
"20089",0,0,0,0,0.0403474394340232,2.35
"20091",0,0,0,0,0.268655961684434,97.8
"20093",0,0,0,0,0.0369562609038959,1.65
"20095",0,0,0,0,0.0605597359031032,13.43
"20097",0,0,0,0,0.0374290476368017,1.81
"20099",0,0,0,0,0.0745356544963846,26.73
"20101",0,0,0,0,0.0339953396205578,1.02
"20103",0,0,0,0,0.0984942382728815,49
"20105",0,0,0,0,0.0518065434143315,7.29
"20107",0,0,0,0,0.0818175778452052,34.58
"20109",0,0,0,0,0.0491935540560416,5.85
"20111",0,0,0,0,0.0991750451501295,49.28
"20113",0,0,0,0,0.101775215519045,50.94
"20115",0,0,0,0,0.084344666090368,37.29
"20117",0,0,0,0,0.0766409899516699,29.4
"20119",0,0,0,0,0.0571162107982858,11.01
"20121",0,0,0,0,0.115290609762108,61.41
"20123",0,0,0,0,0.0687472109978212,20.9
"20125",0,0,0,0,0.101077254547637,50.4
"20127",0,0,0,0,0.0705736706908282,22.43
"20129",0,0,0,0,0.0356776866928487,1.37
"20131",0,0,0,0,0.0758145831960593,28.35
"20133",0,0,0,0,0.100276336916431,49.92
"20135",0,0,0,0,0.0529118172491878,8.21
"20137",0,0,0,0,0.0575957610828949,11.42
"20139",0,0,0,0,0.0720569540442479,23.93
"20141",0,0,0,0,0.0534984012658694,8.56
"20143",0,0,0,0,0.054481191508797,9.45
"20145",0,0,0,0,0.0504238162359168,6.49
"20147",0,0,0,0,0.0643224141574882,16.51
"20149",0,0,0,0,0.100439855230416,50.11
"20151",0,0,0,0,0.0672317061162211,19.38
"20153",0,0,0,0,0.0493633397998132,5.95
"20155",0,0,0,0,0.16355289294588,82.25
"20157",0,0,0,0,0.0635706760624473,15.88
"20159",0,0,0,0,0.0573284894900475,11.17
"20161",0,0,0,0,0.119263709471809,64.37
"20163",0,0,0,0,0.0559777366681889,10.18
"20165",0,0,0,0,0.0427884645055417,3.31
"20167",0,0,0,0,0.0695241647200633,21.51
"20169",0,0,0,0,0.131567174772926,69.97
"20171",0,0,0,0,0.0585916416469538,12.15
"20173",0,0,0,0,0.23988393423487,95.77
"20175",0,0,0,0,0.0844872321271349,37.58
"20177",0,0,0,0,0.161570137608158,81.67
"20179",0,0,0,0,0.0515008562240297,7.06
"20181",0,0,0,0,0.0827578712756701,35.54
"20183",0,0,0,0,0.0460329124507242,4.45
"20185",0,0,0,0,0.0478733235614933,5.22
"20187",0,0,0,0,0.0399031353158135,2.2
"20189",0,0,0,0,0.0504010360527257,6.46
"20191",0,0,0,0,0.0823699117736035,35
"20193",0,0,0,0,0.0811799341961475,33.92
"20195",0,0,0,0,0.0561242065507863,10.24
"20197",0,0,0,0,0.0591629930024056,12.54
"20199",0,0,0,0,0.0578521553514791,11.61
"20201",0,0,0,0,0.0603363434503535,13.33
"20203",0,0,0,0,0.0616642619830418,14.41
"20205",0,0,0,0,0.0628094337230427,15.27
"20207",0,0,0,0,0.0573373888389608,11.2
"20209",0,0,0,0,0.194237747084199,89.41
"21001",0,0,0,0,0.0918033584050529,43.24
"21003",0,0,0,0,0.0832102034019896,35.98
"21005",0,0,0,0,0.118601152635239,63.95
"21007",0,0,0,0,0.0778169670265978,30.61
"21009",0,0,0,0,0.138500170308124,73.34
"21011",0,0,0,0,0.0816880635244602,34.43
"21013",0,0,0,0,0.0929226477793643,44.16
"21015",0,0,0,0,0.192815120850775,89.12
"21017",0,0,0,0,0.0820334295749129,34.78
"21019",0,0,0,0,0.150560984671532,78.3
"21021",0,0,0,0,0.113095992168525,60.17
"21023",0,0,0,0,0.0697449700468716,21.79
"21025",0,0,0,0,0.0619444671049425,14.7
"21027",0,0,0,0,0.103806215682979,53.07
"21029",0,0,0,0,0.11833681363606,63.63
"21031",0,0,0,0,0.0863818653693446,39.1
"21033",0,0,0,0,0.0776797059941394,30.51
"21035",0,0,0,0,0.104996198480715,53.93
"21037",0,0,0,0,0.177670315357851,86.1
"21039",0,0,0,0,0.0529839713930468,8.24
"21041",0,0,0,0,0.083647623418854,36.49
"21043",0,0,0,0,0.086066964482094,38.69
"21045",0,0,0,0,0.0830920945733888,35.79
"21047",0,0,0,0,0.0883217046938539,40.82
"21049",0,0,0,0,0.1155638853688,61.57
"21051",0,0,0,0,0.0832888384041313,36.14
"21053",0,0,0,0,0.0762065697762499,28.86
"21055",0,0,0,0,0.0745334625040592,26.69
"21057",0,0,0,0,0.0639836803086157,16.1
"21059",0,0,0,0,0.172656541239612,84.79
"21061",0,0,0,0,0.0691663060694087,21.29
"21063",0,0,0,0,0.0363870997342973,1.56
"21065",0,0,0,0,0.0745914176378499,26.76
"21067",0,0,0,0,0.228593484090312,94.65
"21069",0,0,0,0,0.0952394680382386,46.29
"21071",0,0,0,0,0.104338901982788,53.36
"21073",0,0,0,0,0.118392135737197,63.73
"21075",0,0,0,0,0.0619740853375303,14.73
"21077",0,0,0,0,0.0489508343572955,5.7
"21079",0,0,0,0,0.108486814194419,57.05
"21081",0,0,0,0,0.104652115053278,53.61
"21083",0,0,0,0,0.122298503212007,66.18
"21085",0,0,0,0,0.104956472644605,53.9
"21087",0,0,0,0,0.0790730397887716,31.88
"21089",0,0,0,0,0.118453502732641,63.79
"21091",0,0,0,0,0.0682674591831834,20.43
"21093",0,0,0,0,0.118753000181794,64.11
"21095",0,0,0,0,0.06796408542622,19.85
"21097",0,0,0,0,0.0904188822504095,42.09
"21099",0,0,0,0,0.0757723249054424,28.32
"21101",0,0,0,0,0.138302245133332,73.24
"21103",0,0,0,0,0.0919447430174741,43.37
"21105",0,0,0,0,0.0450050567706404,4.07
"21107",0,0,0,0,0.10844307915531,56.95
"21109",0,0,0,0,0.0805981461978098,33.31
"21111",0,0,0,0,0.293085020631869,98.76
"21113",0,0,0,0,0.165856440607446,83.14
"21115",0,0,0,0,0.0859096586293361,38.53
"21117",0,0,0,0,0.183377372954383,87.4
"21119",0,0,0,0,0.0648217183370229,17.05
"21121",0,0,0,0,0.0975572020586005,48.33
"21123",0,0,0,0,0.088894917314957,40.98
"21125",0,0,0,0,0.140687790308431,74.36
"21127",0,0,0,0,0.0576194242354155,11.49
"21129",0,0,0,0,0.0554872363788842,9.83
"21131",0,0,0,0,0.0417960953653369,3.05
"21133",0,0,0,0,0.0662566057002723,18.77
"21135",0,0,0,0,0.0792793822411562,32.1
"21137",0,0,0,0,0.0973812398146888,48.17
"21139",0,0,0,0,0.0629350178490564,15.4
"21141",0,0,0,0,0.118085379077319,63.32
"21143",0,0,0,0,0.073369028056606,25.61
"21145",0,0,0,0,0.172944437081472,84.92
"21147",0,0,0,0,0.0645966371372266,16.83
"21149",0,0,0,0,0.0650535607872144,17.47
"21151",0,0,0,0,0.135145723237552,71.75
"21153",0,0,0,0,0.0703588841315571,22.3
"21155",0,0,0,0,0.0708617766895603,22.78
"21157",0,0,0,0,0.13527065235712,71.81
"21159",0,0,0,0,0.0534026115358946,8.46
"21161",0,0,0,0,0.110133158520594,58.29
"21163",0,0,0,0,0.104217718423286,53.23
"21165",0,0,0,0,0.0695692211215025,21.54
"21167",0,0,0,0,0.0825381306932593,35.13
"21169",0,0,0,0,0.0783192182692381,31.08
"21171",0,0,0,0,0.0701085048273839,22.11
"21173",0,0,0,0,0.103578549512742,52.91
"21175",0,0,0,0,0.0623195019075251,14.95
"21177",0,0,0,0,0.0872778726501568,39.9
"21179",0,0,0,0,0.106854692531916,55.58
"21181",0,0,0,0,0.0721839582245119,24.05
"21183",0,0,0,0,0.0833466475271108,36.18
"21185",0,0,0,0,0.170376303628611,84.25
"21187",0,0,0,0,0.0736748543242496,25.8
"21189",0,0,0,0,0.0575818781720703,11.39
"21191",0,0,0,0,0.0867367935439596,39.42
"21193",0,0,0,0,0.0944749982349346,45.5
"21195",0,0,0,0,0.106283638818164,55.04
"21197",0,0,0,0,0.0841380228545572,37.03
"21199",0,0,0,0,0.163796229337105,82.44
"21201",0,0,0,0,0.0413201902626576,2.77
"21203",0,0,0,0,0.0678715100139071,19.69
"21205",0,0,0,0,0.0734601091077307,25.68
"21207",0,0,0,0,0.0785741175020617,31.5
"21209",0,0,0,0,0.0874333253285689,40.09
"21211",0,0,0,0,0.154637633334,79.51
"21213",0,0,0,0,0.101419633351387,50.62
"21215",0,0,0,0,0.0935001075164702,44.67
"21217",0,0,0,0,0.102340717263315,51.7
"21219",0,0,0,0,0.0877553019245908,40.28
"21221",0,0,0,0,0.0824463379127826,35.06
"21223",0,0,0,0,0.0603963911820694,13.36
"21225",0,0,0,0,0.0749747874880957,27.17
"21227",0,0,0,0,0.204239516408452,90.93
"21229",0,0,0,0,0.077008526609923,29.81
"21231",0,0,0,0,0.0782862661806601,31.05
"21233",0,0,0,0,0.0751262530199426,27.39
"21235",0,0,0,0,0.105944860284219,54.88
"21237",0,0,0,0,0.0720442715337976,23.89
"21239",0,0,0,0,0.105688158911765,54.63
"22001",0,0,0,0,0.165833510039029,83.11
"22003",0,0,0,0,0.0650555918119262,17.5
"22005",0.00537436113599241,159.578050053063,1,1,0.279417529049459,98.28
"22007",0,0,0,0,0.088991212480622,41.01
"22009",0,0,0,0,0.110114919665945,58.22
"22011",0,0,0,0,0.107670187354196,56.28
"22013",0,0,0,0,0.0623598518254195,14.99
"22015",0,0,0,0,0.175654106644319,85.71
"22017",8.14113471135607e-06,0.241730387963147,1,0,0.21974185548582,93.32
"22019",0,0,0,0,0.216667894378304,92.94
"22021",0,0,0,0,0.0670062676887297,19.22
"22023",0,0,0,0,0.0688501155167876,21.06
"22025",0,0,0,0,0.102017885250739,51.32
"22027",0,0,0,0,0.075877144656142,28.48
"22029",0,0,0,0,0.100934975495708,50.27
"22031",0,0,0,0,0.102568315386781,51.92
"22033",5.91795738413133e-05,1.75718764660651,1,1,0.286192743924212,98.44
"22035",0,0,0,0,0.0640400026046185,16.19
"22037",0,0,0,0,0.0820246329280385,34.74
"22039",0,0,0,0,0.0928585876045454,44.1
"22041",0,0,0,0,0.0950712649578146,46.17
"22043",0,0,0,0,0.0602267457785526,13.2
"22045",0,0,0,0,0.155113129843013,79.73
"22047",0,0,0,0,0.102688719016367,52.12
"22049",0,0,0,0,0.073235213250625,25.42
"22051",0,0,0,0,0.294760539018193,98.82
"22053",0,0,0,0,0.123589760459871,66.97
"22055",0,0,0,0,0.236079271787706,95.35
"22057",0,0,0,0,0.137605230978164,72.92
"22059",0,0,0,0,0.0585117676179281,12.09
"22061",0,0,0,0,0.13429593535661,71.49
"22063",0,0,0,0,0.164238910857989,82.63
"22065",0,0,0,0,0.0617955174060145,14.64
"22067",0,0,0,0,0.104400462935444,53.42
"22069",0,0,0,0,0.0905044008839204,42.22
"22071",0,0,0,0,0.191484390812882,88.99
"22073",0,0,0,0,0.1857372467047,87.91
"22075",0,0,0,0,0.123499992288504,66.91
"22077",0,0,0,0,0.102002885162557,51.29
"22079",0,0,0,0,0.157960156291787,80.62
"22081",0,0,0,0,0.0620120512863909,14.79
"22083",0,0,0,0,0.0911920167349743,42.6
"22085",0,0,0,0,0.084297059461839,37.26
"22087",0,0,0,0,0.140056433772277,73.97
"22089",0,0,0,0,0.154454312878462,79.41
"22091",0,0,0,0,0.0756928979643003,28.22
"22093",0.0385149201943095,1143.60306407327,1,1,0.16616856921645,83.26
"22095",0,0,0,0,0.136459784036832,72.38
"22097",0,0,0,0,0.154738761829461,79.61
"22099",0,0,0,0,0.142150832112171,74.99
"22101",0,0,0,0,0.144386244717069,75.85
"22103",0,0,0,0,0.25410454725499,96.95
"22105",0,0,0,0,0.177654815453159,86.06
"22107",0,0,0,0,0.0575669088629334,11.36
"22109",0,0,0,0,0.157600770631449,80.5
"22111",0,0,0,0,0.0879656869125729,40.5
"22113",0,0,0,0,0.145466222737516,76.49
"22115",0,0,0,0,0.0565143126104017,10.53
"22117",0,0,0,0,0.0960582602821528,47.03
"22119",0,0,0,0,0.107638520798751,56.25
"22121",0,0,0,0,0.141114052992877,74.51
"22123",0,0,0,0,0.0758605189449958,28.41
"22125",0,0,0,0,0.0514973729054423,7.03
"22127",0,0,0,0,0.058675300282705,12.22
"23001",0,0,0,0,0.193385729134055,89.21
"23003",0,0,0,0,0.126239237257671,67.9
"23005",0,0,0,0,0.239251295402199,95.61
"23007",0,0,0,0,0.117653499492347,63.09
"23009",0,0,0,0,0.138286988074569,73.21
"23011",0,0,0,0,0.153305173595936,79.1
"23013",0,0,0,0,0.158967535856765,80.81
"23015",0,0,0,0,0.145222640138197,76.3
"23017",0,0,0,0,0.111508803876203,59.02
"23019",0,0,0,0,0.186786760550732,88.2
"23021",0,0,0,0,0.0963230545023637,47.31
"23023",0,0,0,0,0.10698456746952,55.81
"23025",0,0,0,0,0.138855896296316,73.5
"23027",0,0,0,0,0.145033144073353,76.26
"23029",0,0,0,0,0.113010548013815,60.1
"23031",0,0,0,0,0.20187268518378,90.55
"24001",0,0,0,0,0.144742767406171,76.14
"24003",0,0,0,0,0.178763395651419,86.26
"24005",0,0,0,0,0.218591066390113,93.19
"24009",0,0,0,0,0.167058075383273,83.42
"24011",0,0,0,0,0.114533247948281,60.93
"24013",0,0,0,0,0.173877472020099,85.21
"24015",0,0,0,0,0.139035396528106,73.66
"24017",0,0,0,0,0.147071433442454,77
"24019",0,0,0,0,0.121411193044437,65.67
"24021",0,0,0,0,0.21615836641685,92.87
"24023",0,0,0,0,0.142326749136713,75.12
"24025",0,0,0,0,0.18589709900387,87.97
"24027",0,0,0,0,0.224005663844705,93.99
"24029",0,0,0,0,0.118483127009512,63.86
"24031",0,0,0,0,0.176146119511167,85.87
"24033",2.60157186972369e-06,0.0772470914288021,1,0,0.200780432679176,90.36
"24035",0,0,0,0,0.163301815066073,82.21
"24037",0,0,0,0,0.0732279116499376,25.39
"24039",0,0,0,0,0.0809488587404684,33.76
"24041",0,0,0,0,0.163619042569348,82.28
"24043",0,0,0,0,0.205160588085759,91.25
"24045",0,0,0,0,0.166582020322018,83.3
"24047",0,0,0,0,0.133865668093003,71.21
"24510",0,0,0,0,0.1683088159188,83.68
"25001",0,0,0,0,0.174019047680314,85.27
"25003",0,0,0,0,0.168073774509887,83.65
"25005",0,0,0,0,0.246768277468883,96.44
"25007",0,0,0,0,0.128596602007023,68.95
"25009",0,0,0,0,0.267610886719668,97.77
"25011",0,0,0,0,0.165347571560178,82.91
"25013",0,0,0,0,0.221109902248798,93.54
"25015",0,0,0,0,0.141919929684114,74.83
"25017",0,0,0,0,0.214130389855377,92.4
"25019",0,0,0,0,0.121565689302431,65.83
"25021",0,0,0,0,0.286831446315999,98.5
"25023",0,0,0,0,0.255334495004266,97.04
"25025",0,0,0,0,0.152546205922412,78.94
"25027",0,0,0,0,0.252300656980197,96.85
"26001",0,0,0,0,0.0933931673281892,44.54
"26003",0,0,0,0,0.0718286695882006,23.67
"26005",0,0,0,0,0.182430946127463,87.11
"26007",0,0,0,0,0.128308159891615,68.76
"26009",0,0,0,0,0.106160347659033,54.92
"26011",0,0,0,0,0.082740377501528,35.51
"26013",0,0,0,0,0.0534103123207891,8.5
"26015",0,0,0,0,0.126610168472582,68.09
"26017",0,0,0,0,0.176016028859395,85.84
"26019",0,0,0,0,0.10193168100468,51.16
"26021",0,0,0,0,0.190151217000516,88.8
"26023",0,0,0,0,0.125816431468441,67.74
"26025",0,0,0,0,0.13801947170508,73.05
"26027",0,0,0,0,0.121845613672704,66.08
"26029",0,0,0,0,0.116910164803816,62.49
"26031",0,0,0,0,0.132310671036854,70.38
"26033",0,0,0,0,0.103307042379845,52.62
"26035",0,0,0,0,0.108431458701003,56.92
"26037",0,0,0,0,0.161553557844592,81.64
"26039",0,0,0,0,0.0726606130030021,24.56
"26041",0,0,0,0,0.143819326700663,75.56
"26043",0,0,0,0,0.122507570179641,66.31
"26045",0,0,0,0,0.144122289576873,75.76
"26047",0,0,0,0,0.132964894164779,70.7
"26049",0,0,0,0,0.191020231721893,88.96
"26051",0,0,0,0,0.0947659365507916,45.69
"26053",0,0,0,0,0.0866792933519575,39.36
"26055",0,0,0,0,0.217165048136216,93
"26057",0,0,0,0,0.113306015696899,60.36
"26059",0,0,0,0,0.10868571365435,57.3
"26061",0,0,0,0,0.105404662205915,54.34
"26063",0,0,0,0,0.116105711348254,62.07
"26065",0,0,0,0,0.146193997877266,76.81
"26067",0,0,0,0,0.0972655307208519,48.04
"26069",0,0,0,0,0.0921989249126613,43.46
"26071",0,0,0,0,0.0840287940009506,36.88
"26073",0,0,0,0,0.112346911817633,59.56
"26075",0,0,0,0,0.15931050177449,81.07
"26077",0,0,0,0,0.210403657271808,92.11
"26079",0,0,0,0,0.085034773824237,38.02
"26081",0,0,0,0,0.275626539067295,98.15
"26083",0,0,0,0,0.0444196715743439,3.98
"26085",0,0,0,0,0.0724637921919304,24.31
"26087",0,0,0,0,0.163921516943092,82.53
"26089",0,0,0,0,0.123488839902787,66.88
"26091",0,0,0,0,0.164482272266565,82.69
"26093",0,0,0,0,0.215692078294727,92.81
"26095",0,0,0,0,0.0843469813926404,37.32
"26097",0,0,0,0,0.0760171897069591,28.64
"26099",0,0,0,0,0.23139257555525,94.91
"26101",0,0,0,0,0.0922761470704491,43.62
"26103",0,0,0,0,0.13398705463587,71.3
"26105",0,0,0,0,0.121485850551213,65.77
"26107",0,0,0,0,0.0953823168765115,46.48
"26109",0,0,0,0,0.0916425457950102,43.08
"26111",0,0,0,0,0.11374404915579,60.58
"26113",0,0,0,0,0.0906473491510909,42.35
"26115",0,0,0,0,0.163918426610107,82.47
"26117",0,0,0,0,0.126449285460706,67.99
"26119",0,0,0,0,0.0513614183090398,6.94
"26121",0,0,0,0,0.182453547237053,87.15
"26123",0,0,0,0,0.124490227707046,67.39
"26125",1.27013642535345e-06,0.0377134861112833,1,0,0.296489627480454,98.92
"26127",0,0,0,0,0.0892781740004201,41.23
"26129",0,0,0,0,0.112118902685693,59.47
"26131",0,0,0,0,0.0646525223579148,16.86
"26133",0,0,0,0,0.0947988953368533,45.75
"26135",0,0,0,0,0.0892606526745282,41.2
"26137",0,0,0,0,0.105698901321539,54.66
"26139",0,0,0,0,0.231269334602246,94.88
"26141",0,0,0,0,0.0779905436386169,30.73
"26143",0,0,0,0,0.0960092706854961,46.99
"26145",0,0,0,0,0.188001483210249,88.36
"26147",0,0,0,0,0.20920801625211,91.82
"26149",0,0,0,0,0.134940414280909,71.68
"26151",0,0,0,0,0.155107903582644,79.7
"26153",0,0,0,0,0.0905715084366955,42.32
"26155",0,0,0,0,0.143873193355841,75.63
"26157",0,0,0,0,0.136344143128017,72.32
"26159",0,0,0,0,0.134920238144973,71.65
"26161",0,0,0,0,0.144408692466352,75.88
"26163",0,0,0,0,0.252783926310143,96.88
"26165",0,0,0,0,0.124818162375644,67.48
"27001",0,0,0,0,0.0998275657081019,49.63
"27003",0,0,0,0,0.241172625337809,95.96
"27005",0,0,0,0,0.124889376271521,67.55
"27007",0,0,0,0,0.136436174659344,72.35
"27009",0,0,0,0,0.124862684796276,67.52
"27011",0,0,0,0,0.0786103580368713,31.56
"27013",0,0,0,0,0.167453516435089,83.55
"27015",0,0,0,0,0.105192287420237,54.15
"27017",0,0,0,0,0.0918404955127718,43.27
"27019",0,0,0,0,0.16514206562509,82.88
"27021",0,0,0,0,0.0913818382422538,42.79
"27023",0,0,0,0,0.0824340266640739,35.03
"27025",0,0,0,0,0.136768018138397,72.57
"27027",0.000167975475580565,4.98760655854823,1,1,0.203310822657922,90.8
"27029",0,0,0,0,0.0713229683509369,23.19
"27031",0,0,0,0,0.0819773289604363,34.71
"27033",0,0,0,0,0.0697736981041647,21.83
"27035",0,0,0,0,0.174915214981257,85.49
"27037",0,0,0,0,0.271724260792147,97.9
"27039",0,0,0,0,0.092309125325279,43.65
"27041",0,0,0,0,0.155277927115302,79.76
"27043",0,0,0,0,0.0868199419318409,39.52
"27045",0,0,0,0,0.119501487266572,64.56
"27047",0,0,0,0,0.121395464344255,65.64
"27049",0,0,0,0,0.130272197475292,69.46
"27051",0,0,0,0,0.0740833846902887,26.19
"27053",0,0,0,0,0.281979113576523,98.38
"27055",0,0,0,0,0.0984545649992855,48.93
"27057",0,0,0,0,0.108935968617194,57.52
"27059",0,0,0,0,0.116253107868471,62.2
"27061",0,0,0,0,0.125364467479828,67.67
"27063",0,0,0,0,0.0601500559236419,13.14
"27065",0,0,0,0,0.0797313273315385,32.45
"27067",0,0,0,0,0.118282312249398,63.57
"27069",0,0,0,0,0.0797965442818654,32.52
"27071",0,0,0,0,0.0764407462658047,29.08
"27073",0,0,0,0,0.0902577750563083,41.97
"27075",0,0,0,0,0.0767048624669688,29.49
"27077",0,0,0,0,0.0670482332392408,19.25
"27079",0,0,0,0,0.117408034551659,62.9
"27081",0,0,0,0,0.070221303988378,22.24
"27083",0,0,0,0,0.100915437438377,50.24
"27085",0,0,0,0,0.127298941271272,68.44
"27087",0,0,0,0,0.0495506791961104,5.98
"27089",0,0,0,0,0.0649880478509607,17.4
"27091",0,0,0,0,0.097303566732808,48.08
"27093",0,0,0,0,0.103396106591008,52.78
"27095",0,0,0,0,0.0983217644589791,48.74
"27097",0,0,0,0,0.139413085100812,73.81
"27099",0,0,0,0,0.096225901626947,47.15
"27101",0,0,0,0,0.0764690872959862,29.14
"27103",0,0,0,0,0.098228400435837,48.71
"27105",0,0,0,0,0.0816684614013281,34.39
"27107",0,0,0,0,0.0608858457210316,13.71
"27109",0,0,0,0,0.105321734723275,54.22
"27111",0,0,0,0,0.148028861694345,77.35
"27113",0,0,0,0,0.0679052045622956,19.73
"27115",0,0,0,0,0.10518659359775,54.12
"27117",0,0,0,0,0.0795486449780085,32.33
"27119",0,0,0,0,0.104739534815965,53.67
"27121",0,0,0,0,0.088063612266227,40.66
"27123",0,0,0,0,0.218981323243208,93.22
"27125",0,0,0,0,0.0642835635529062,16.42
"27127",0,0,0,0,0.100229736405619,49.89
"27129",0,0,0,0,0.0738596351553179,26.03
"27131",0,0,0,0,0.118348365516743,63.67
"27133",0,0,0,0,0.0807867327889744,33.6
"27135",0,0,0,0,0.0567962902134335,10.66
"27137",0,0,0,0,0.166985391342833,83.39
"27139",0,0,0,0,0.17331916168155,85.05
"27141",0,0,0,0,0.173595791943603,85.17
"27143",0,0,0,0,0.084436352054271,37.45
"27145",0,0,0,0,0.204936906745816,91.19
"27147",0,0,0,0,0.119107534385332,64.3
"27149",0,0,0,0,0.0590848472375451,12.47
"27151",0,0,0,0,0.0771963186473465,29.97
"27153",0,0,0,0,0.0912595735685205,42.7
"27155",0,0,0,0,0.092479876217493,43.81
"27157",0,0,0,0,0.102413286934516,51.8
"27159",0,0,0,0,0.0850285299871295,37.96
"27161",0,0,0,0,0.109858965504606,57.94
"27163",0,0,0,0,0.185044771921758,87.72
"27165",0,0,0,0,0.0949196673510901,45.88
"27167",0,0,0,0,0.073348980663961,25.58
"27169",0,0,0,0,0.135275654316173,71.84
"27171",0,0,0,0,0.179089347304138,86.35
"27173",0,0,0,0,0.0880385968916646,40.6
"28001",0,0,0,0,0.123476059021708,66.85
"28003",0,0,0,0,0.117746299767263,63.16
"28005",0,0,0,0,0.0589399040375001,12.41
"28007",0,0,0,0,0.0893670370677727,41.33
"28009",0,0,0,0,0.0648161697152159,17.02
"28011",0,0,0,0,0.104710379242899,53.64
"28013",0,0,0,0,0.0731653786909238,25.29
"28015",0,0,0,0,0.0794292475829601,32.2
"28017",0,0,0,0,0.0874983052896855,40.12
"28019",0,0,0,0,0.0532418053727765,8.37
"28021",0,0,0,0,0.0403192426151407,2.32
"28023",0,0,0,0,0.0679189813115778,19.76
"28025",0,0,0,0,0.0821763571183504,34.9
"28027",0,0,0,0,0.0911041689471293,42.57
"28029",0,0,0,0,0.0781597329435881,30.96
"28031",0,0,0,0,0.0803805465836575,33.03
"28033",0,0,0,0,0.152002720827375,78.71
"28035",0,0,0,0,0.145436325833519,76.42
"28037",0,0,0,0,0.0542132930032621,9.2
"28039",0,0,0,0,0.0943261417218872,45.37
"28041",0,0,0,0,0.0570284321029571,10.91
"28043",0,0,0,0,0.103113879793252,52.53
"28045",0,0,0,0,0.094772164940119,45.72
"28047",0,0,0,0,0.159076151547072,80.91
"28049",0,0,0,0,0.171074319291007,84.44
"28051",0,0,0,0,0.0870486619949377,39.71
"28053",0,0,0,0,0.0629401761007215,15.46
"28055",0,0,0,0,0.0460891918063369,4.49
"28057",0,0,0,0,0.0874164172899653,40.06
"28059",0,0,0,0,0.107178199643294,56
"28061",0,0,0,0,0.0607686603675053,13.68
"28063",0,0,0,0,0.0498507667804471,6.11
"28065",0,0,0,0,0.0580406158043138,11.77
"28067",0,0,0,0,0.111708717313151,59.21
"28069",0,0,0,0,0.06146082883878,14.22
"28071",0,0,0,0,0.112530420817224,59.66
"28073",0,0,0,0,0.133645067186661,71.14
"28075",0,0,0,0,0.150221410728949,78.14
"28077",0,0,0,0,0.0696548553712007,21.6
"28079",0,0,0,0,0.0570374710880477,10.94
"28081",0,0,0,0,0.16402923521839,82.56
"28083",0,0,0,0,0.108851798520416,57.49
"28085",0,0,0,0,0.111218125229923,58.86
"28087",0,0,0,0,0.151085084860527,78.4
"28089",0,0,0,0,0.158571816059406,80.72
"28091",0,0,0,0,0.0930995840023004,44.32
"28093",0,0,0,0,0.103298723249202,52.59
"28095",0,0,0,0,0.107551427223852,56.22
"28097",0,0,0,0,0.0652029104918186,17.72
"28099",0,0,0,0,0.0680107801361296,20.08
"28101",0,0,0,0,0.0685617799441542,20.68
"28103",0,0,0,0,0.0788437566790083,31.66
"28105",0,0,0,0,0.0754401035861139,27.97
"28107",0,0,0,0,0.106871306557554,55.65
"28109",0,0,0,0,0.127077013665745,68.22
"28111",0,0,0,0,0.0685662606483381,20.71
"28113",0,0,0,0,0.102286961159569,51.61
"28115",0,0,0,0,0.0783978639796045,31.18
"28117",0,0,0,0,0.0960951381392552,47.09
"28119",0,0,0,0,0.0571572438161172,11.1
"28121",0,0,0,0,0.202106172501114,90.58
"28123",0,0,0,0,0.051971944284396,7.45
"28125",0,0,0,0,0.0570065298595531,10.82
"28127",0,0,0,0,0.0752081302232895,27.55
"28129",0,0,0,0,0.062435303044503,15.11
"28131",0,0,0,0,0.0798551878723339,32.61
"28133",0,0,0,0,0.0675736417859857,19.47
"28135",0,0,0,0,0.0488034951744719,5.57
"28137",0,0,0,0,0.0859677455713775,38.59
"28139",0,0,0,0,0.0803699369043703,32.96
"28141",0,0,0,0,0.0904111595999152,42.06
"28143",0,0,0,0,0.0500085911576779,6.24
"28145",0,0,0,0,0.08272259077246,35.48
"28147",0,0,0,0,0.0844592544124023,37.51
"28149",0,0,0,0,0.101696219011064,50.84
"28151",0,0,0,0,0.135221103870923,71.78
"28153",0,0,0,0,0.0855692439116674,38.34
"28155",0,0,0,0,0.0743148720054387,26.41
"28157",0,0,0,0,0.0561395725345119,10.28
"28159",0,0,0,0,0.0806909615984569,33.47
"28161",0,0,0,0,0.0595509541651457,12.73
"28163",0,0,0,0,0.0737639275877755,25.9
"29001",0,0,0,0,0.0963691540900547,47.44
"29003",0,0,0,0,0.10640808669112,55.14
"29005",0,0,0,0,0.0566522120744855,10.63
"29007",0.000106689427077777,3.1678724788944,1,1,0.180146694527156,86.61
"29009",0,0,0,0,0.101837053565242,51.03
"29011",0,0,0,0,0.077209675602457,30
"29013",0,0,0,0,0.106207936557288,54.95
"29015",0,0,0,0,0.102415832755195,51.83
"29017",0,0,0,0,0.0848469369269833,37.8
"29019",0,0,0,0,0.162268163155617,81.99
"29021",0,0,0,0,0.170504630815403,84.38
"29023",0,0,0,0,0.131650996275742,70.06
"29025",0,0,0,0,0.0758672054000168,28.44
"29027",0,0,0,0,0.120802250436405,65.32
"29029",0,0,0,0,0.147797171307919,77.28
"29031",0,0,0,0,0.18214525032191,86.96
"29033",0,0,0,0,0.065532728666892,17.94
"29035",0,0,0,0,0.0649178548443751,17.24
"29037",0,0,0,0,0.143946837018605,75.66
"29039",0,0,0,0,0.0891595406756851,41.08
"29041",0,0,0,0,0.076328364655515,28.92
"29043",0,0,0,0,0.179469418907662,86.45
"29045",0,0,0,0,0.0628319169927552,15.34
"29047",0,0,0,0,0.209437929705411,91.95
"29049",0,0,0,0,0.0903361251823491,42.03
"29051",0,0,0,0,0.11767322174347,63.12
"29053",0,0,0,0,0.094457233759283,45.47
"29055",0,0,0,0,0.10371361991728,52.97
"29057",0,0,0,0,0.0614701997322128,14.25
"29059",0,0,0,0,0.096524098056529,47.47
"29061",0,0,0,0,0.0814394272510147,34.23
"29063",0,0,0,0,0.0746100229939916,26.82
"29065",0,0,0,0,0.0773943729248086,30.13
"29067",0,0,0,0,0.0925485678597262,43.88
"29069",0,0,0,0,0.0803852417542599,33.06
"29071",0,0,0,0,0.204810931832512,91.09
"29073",0,0,0,0,0.101653614520021,50.81
"29075",0,0,0,0,0.0728476406584225,24.88
"29077",0,0,0,0,0.225332512509309,94.21
"29079",0,0,0,0,0.0710531092620593,22.94
"29081",0,0,0,0,0.068626169287326,20.81
"29083",0,0,0,0,0.101972987842459,51.22
"29085",0,0,0,0,0.0702121605855415,22.21
"29087",0,0,0,0,0.0543968928472604,9.39
"29089",0,0,0,0,0.0722910008577176,24.18
"29091",0,0,0,0,0.149778917698159,77.89
"29093",0,0,0,0,0.0750502224328859,27.3
"29095",0,0,0,0,0.257122569623459,97.2
"29097",0,0,0,0,0.224773953974752,94.15
"29099",0,0,0,0,0.204991799360038,91.22
"29101",0,0,0,0,0.0763972892368016,28.99
"29103",0,0,0,0,0.0747037800759297,27.01
"29105",0,0,0,0,0.108748958210975,57.4
"29107",0,0,0,0,0.113772405840081,60.61
"29109",0,0,0,0,0.133110273580275,70.79
"29111",0,0,0,0,0.0725439931397716,24.44
"29113",0,0,0,0,0.140559805851088,74.29
"29115",0,0,0,0,0.0750858830836422,27.33
"29117",0,0,0,0,0.108035706775823,56.57
"29119",0,0,0,0,0.0822317380873784,34.93
"29121",0,0,0,0,0.0859367717270318,38.56
"29123",0,0,0,0,0.0742336486110515,26.28
"29125",0,0,0,0,0.0835514955309223,36.4
"29127",0,0,0,0,0.115596526162352,61.66
"29129",0,0,0,0,0.0542320072818972,9.23
"29131",0,0,0,0,0.105518867443995,54.44
"29133",0,0,0,0,0.0663154523917513,18.84
"29135",0,0,0,0,0.0946417522925676,45.63
"29137",0,0,0,0,0.076875590382527,29.69
"29139",0,0,0,0,0.0873648867786934,40.03
"29141",0,0,0,0,0.126432614289271,67.96
"29143",0.000120163422254266,3.56794865953824,1,1,0.142135054279639,74.96
"29145",0,0,0,0,0.118660831133056,64.05
"29147",0,0,0,0,0.0848106508656371,37.73
"29149",0,0,0,0,0.0644029589137724,16.64
"29151",0,0,0,0,0.0690197715552387,21.16
"29153",0,0,0,0,0.0871388217747593,39.8
"29155",0,0,0,0,0.0690702824050232,21.19
"29157",0,0,0,0,0.0904977108669593,42.16
"29159",0,0,0,0,0.132920726530217,70.6
"29161",0,0,0,0,0.11984016236104,64.84
"29163",0,0,0,0,0.0902924100586303,42
"29165",0,0,0,0,0.204513847858178,91.06
"29167",0,0,0,0,0.11907811867998,64.27
"29169",0,0,0,0,0.0539157484361941,8.85
"29171",0,0,0,0,0.0559573749296176,10.09
"29173",0,0,0,0,0.0815321946266276,34.3
"29175",0,0,0,0,0.0987931805916357,49.09
"29177",0,0,0,0,0.0807174824431699,33.53
"29179",0,0,0,0,0.0604045420985274,13.39
"29181",0,0,0,0,0.0825790447450919,35.25
"29183",0,0,0,0,0.214834765198535,92.62
"29185",0,0,0,0,0.0791800460413457,31.98
"29186",0,0,0,0,0.0970605230900507,47.88
"29187",0,0,0,0,0.132521791790743,70.44
"29189",0,0,0,0,0.274361325732806,98.06
"29195",0,0,0,0,0.0899325430749997,41.68
"29197",0,0,0,0,0.0630870644200871,15.62
"29199",0,0,0,0,0.0774711988092896,30.26
"29201",0,0,0,0,0.142298537854373,75.09
"29203",0,0,0,0,0.067935090829659,19.82
"29205",0,0,0,0,0.0631475270356184,15.72
"29207",8.58958941762584e-05,2.55046115312465,1,1,0.17720651120448,86.03
"29209",0.00022202486678508,6.59246641755711,1,1,0.204114956298406,90.9
"29211",0,0,0,0,0.0455026755751037,4.3
"29213",0,0,0,0,0.119486506963507,64.49
"29215",0,0,0,0,0.0932156231943481,44.35
"29217",0,0,0,0,0.10688580758581,55.71
"29219",0,0,0,0,0.126751767951317,68.12
"29221",0,0,0,0,0.0973698269675378,48.14
"29223",0,0,0,0,0.0660680942956814,18.52
"29225",0,0,0,0,0.11568507670838,61.72
"29227",0,0,0,0,0.0610587196252919,13.87
"29229",0,0,0,0,0.114539293956504,60.96
"29510",0,0,0,0,0.19737395334534,89.88
"30001",0,0,0,0,0.0862840756753826,39.01
"30003",0,0,0,0,0.0566249269866542,10.59
"30005",0,0,0,0,0.0643357566170133,16.58
"30007",0,0,0,0,0.0867315078495379,39.39
"30009",0,0,0,0,0.12230652541272,66.21
"30011",0,0,0,0,0.0416853772945331,2.93
"30013",0,0,0,0,0.175076697433779,85.52
"30015",0,0,0,0,0.0647510232623854,16.96
"30017",0,0,0,0,0.105177606855959,54.09
"30019",0,0,0,0,0.0473285467628841,4.96
"30021",0,0,0,0,0.104415247660575,53.45
"30023",0,0,0,0,0.0840211365867535,36.81
"30025",0,0,0,0,0.0756919831456536,28.19
"30027",0,0,0,0,0.106574823359297,55.36
"30029",0,0,0,0,0.229459742721914,94.72
"30031",0,0,0,0,0.243258127192337,96.12
"30033",0,0,0,0,0.0442365374538321,3.88
"30035",0,0,0,0,0.0649027627308459,17.21
"30037",0,0,0,0,0.0486970748427609,5.54
"30039",0,0,0,0,0.0726305586139862,24.5
"30041",0,0,0,0,0.105735826508406,54.69
"30043",0,0,0,0,0.115012732874547,61.22
"30045",0,0,0,0,0.052711162172693,8.02
"30047",0,0,0,0,0.127589869434403,68.6
"30049",0,0,0,0,0.162720695561113,82.09
"30051",0,0,0,0,0.0468674797903878,4.74
"30053",0,0,0,0,0.138059212512906,73.08
"30055",0,0,0,0,0.058472668335388,12.03
"30057",0,0,0,0,0.105368429564614,54.31
"30059",0,0,0,0,0.0575250738596624,11.29
"30061",0,0,0,0,0.064030174771267,16.13
"30063",0,0,0,0,0.229842046202886,94.75
"30065",0,0,0,0,0.0714715468136547,23.32
"30067",0,0,0,0,0.138666550039529,73.37
"30069",0,0,0,0,0.034269839200185,1.05
"30071",0,0,0,0,0.0760853790457119,28.76
"30073",0,0,0,0,0.0806043840685193,33.34
"30075",0,0,0,0,0.0558465243277294,10.02
"30077",0,0,0,0,0.0701940447044586,22.18
"30079",0,0,0,0,0.0425990859415882,3.25
"30081",0,0,0,0,0.183660261803919,87.5
"30083",0,0,0,0,0.11224734971547,59.53
"30085",0,0,0,0,0.0616895965841036,14.51
"30087",0,0,0,0,0.0520119185084335,7.51
"30089",0,0,0,0,0.107781738020254,56.41
"30091",0,0,0,0,0.0752673960061748,27.62
"30093",0,0,0,0,0.154673217712274,79.57
"30095",0,0,0,0,0.0845994886240234,37.64
"30097",0,0,0,0,0.0750057186656084,27.24
"30099",0,0,0,0,0.0835316033886806,36.37
"30101",0,0,0,0,0.0676587347941513,19.5
"30103",0,0,0,0,0.0412711369775198,2.74
"30105",0,0,0,0,0.0858982585961255,38.47
"30107",0,0,0,0,0.0419426403452339,3.09
"30109",0,0,0,0,0.0584372279329219,11.99
"30111",0,0,0,0,0.248425816749475,96.66
"31001",0,0,0,0,0.140172109547776,74.13
"31003",0,0,0,0,0.0547900424086761,9.67
"31005",0,0,0,0,0.0238187618905804,0.22
"31007",0,0,0,0,0.0420495177336573,3.12
"31009",0,0,0,0,0.0288052140740105,0.67
"31011",0,0,0,0,0.0595531706196414,12.76
"31013",0,0,0,0,0.0652478046160443,17.82
"31015",0,0,0,0,0.04081408115081,2.51
"31017",0,0,0,0,0.0523032762842715,7.73
"31019",0,0,0,0,0.155419250998975,79.83
"31021",0,0,0,0,0.063829571698797,16.07
"31023",0,0,0,0,0.0509389863692203,6.78
"31025",0,0,0,0,0.106664982111638,55.49
"31027",0,0,0,0,0.0679964260669859,19.98
"31029",0,0,0,0,0.0609580279356712,13.81
"31031",0,0,0,0,0.0663765631592868,18.9
"31033",0,0,0,0,0.0791884173047451,32.01
"31035",0,0,0,0,0.0540934665129145,9.13
"31037",0,0,0,0,0.048314807534304,5.35
"31039",0,0,0,0,0.0777621282798777,30.58
"31041",0,0,0,0,0.0718731905356106,23.77
"31043",0,0,0,0,0.0708816210839059,22.81
"31045",0,0,0,0,0.0662351081126281,18.68
"31047",0,0,0,0,0.0872296922327234,39.87
"31049",0,0,0,0,0.0355430991224107,1.3
"31051",0,0,0,0,0.0568594895126467,10.75
"31053",0,0,0,0,0.131319322932402,69.87
"31055",0,0,0,0,0.232550647222076,95.04
"31057",0,0,0,0,0.0394251205132834,2.1
"31059",0,0,0,0,0.0679258631408123,19.79
"31061",0,0,0,0,0.0469860511561861,4.84
"31063",0,0,0,0,0.0362062900198825,1.5
"31065",0,0,0,0,0.0485334126936258,5.44
"31067",0,0,0,0,0.113181353311735,60.23
"31069",0,0,0,0,0.0401870215090856,2.29
"31071",0,0,0,0,0.0611145139241406,13.9
"31073",0,0,0,0,0.0426019182160896,3.28
"31075",0,0,0,0,0.0377766822902775,1.88
"31077",0,0,0,0,0.0502753825821585,6.33
"31079",0,0,0,0,0.156814446171362,80.34
"31081",0,0,0,0,0.0939210607562839,45.02
"31083",0,0,0,0,0.0477750882094922,5.12
"31085",0,0,0,0,0.0533458040056062,8.43
"31087",0.0701330108827086,2082.42223360493,1,1,0.104292842333987,53.32
"31089",0,0,0,0,0.0862289714201401,38.82
"31091",0,0,0,0,0.0417102346231708,2.96
"31093",0,0,0,0,0.0674436492342558,19.44
"31095",0,0,0,0,0.0641044648653271,16.26
"31097",0,0,0,0,0.0451100029791505,4.17
"31099",0,0,0,0,0.0635988089414247,15.94
"31101",0,0,0,0,0.0912154478012548,42.67
"31103",0,0,0,0,0.0516955384718562,7.19
"31105",0,0,0,0,0.0434176217069504,3.53
"31107",0,0,0,0,0.0722723761952081,24.12
"31109",0,0,0,0,0.220797073594782,93.48
"31111",0,0,0,0,0.124460270537985,67.36
"31113",0,0,0,0,0.0378700531777926,1.91
"31115",0,0,0,0,0.041492283469962,2.86
"31117",0,0,0,0,0.0256112913004374,0.45
"31119",0,0,0,0,0.156409706423259,80.08
"31121",0,0,0,0,0.0816112276877204,34.33
"31123",0,0,0,0,0.0502862288192882,6.36
"31125",0,0,0,0,0.0417939221163651,3.02
"31127",0,0,0,0,0.0465999367105162,4.65
"31129",0,0,0,0,0.0546676674001889,9.58
"31131",0,0,0,0,0.0835707380858522,36.46
"31133",0,0,0,0,0.0647894695878875,16.99
"31135",0,0,0,0,0.0450764216124652,4.14
"31137",0,0,0,0,0.0680486892614303,20.14
"31139",0,0,0,0,0.0785198352931244,31.37
"31141",0,0,0,0,0.129341485640689,69.17
"31143",0,0,0,0,0.0554311017518279,9.8
"31145",0,0,0,0,0.0815075898874366,34.27
"31147",0,0,0,0,0.0725072224158261,24.37
"31149",0,0,0,0,0.0393867460984296,2.07
"31151",0,0,0,0,0.0707849546773024,22.65
"31153",0,0,0,0,0.160138588969015,81.23
"31155",0,0,0,0,0.10625035251945,54.98
"31157",0,0,0,0,0.130350434392047,69.55
"31159",0,0,0,0,0.0891927712788913,41.11
"31161",0,0,0,0,0.0523314742725207,7.76
"31163",0,0,0,0,0.0466798307224943,4.68
"31165",0,0,0,0,0.0514820873899691,7
"31167",0,0,0,0,0.0499625555187914,6.14
"31169",0,0,0,0,0.0524848450966734,7.95
"31171",0,0,0,0,0.0559754267014924,10.15
"31173",0,0,0,0,0.0436544992866931,3.69
"31175",0,0,0,0,0.0647334239828989,16.89
"31177",0,0,0,0,0.105347942685887,54.25
"31179",0,0,0,0,0.0493352069725435,5.92
"31181",0,0,0,0,0.0479557608275287,5.25
"31183",0,0,0,0,0.024190907962695,0.32
"31185",0,0,0,0,0.103378970129397,52.72
"32001",0,0,0,0,0.102096186318175,51.42
"32003",0,0,0,0,0.21763711149272,93.1
"32005",0,0,0,0,0.147138592227597,77.06
"32007",0,0,0,0,0.134882463292779,71.62
"32009",0,0,0,0,0.0456159340318483,4.33
"32011",0,0,0,0,0.0144864962918027,0.06
"32013",0,0,0,0,0.0764336336454633,29.05
"32015",0,0,0,0,0.0391877478116216,2.04
"32017",0,0,0,0,0.0618750444468915,14.67
"32019",0,0,0,0,0.14495590117325,76.2
"32021",0,0,0,0,0.048590758265032,5.47
"32023",0,0,0,0,0.119444620687469,64.43
"32027",0,0,0,0,0.036112242472796,1.46
"32029",0,0,0,0,0.0651417722283589,17.63
"32031",0,0,0,0,0.286769966801699,98.47
"32033",0,0,0,0,0.0562397789965955,10.4
"32510",0,0,0,0,0.168910837303817,83.81
"33001",0,0,0,0,0.175287423226366,85.59
"33003",0,0,0,0,0.161850936104777,81.77
"33005",0,0,0,0,0.17599652935544,85.81
"33007",0,0,0,0,0.12248526997245,66.27
"33009",0,0,0,0,0.123511165376606,66.94
"33011",0,0,0,0,0.257016580982542,97.14
"33013",0,0,0,0,0.209241989930058,91.85
"33015",0,0,0,0,0.270905203825799,97.87
"33017",0,0,0,0,0.172952368915006,84.95
"33019",0,0,0,0,0.139257014079288,73.75
"34001",0,0,0,0,0.150155041493958,78.08
"34003",0,0,0,0,0.287029419448739,98.57
"34005",0,0,0,0,0.227000062462027,94.4
"34007",0,0,0,0,0.261090167966986,97.42
"34009",0,0,0,0,0.138018293092398,73.02
"34011",0,0,0,0,0.169550990053401,83.96
"34013",0,0,0,0,0.241389348928696,95.99
"34015",0,0,0,0,0.236500210232367,95.45
"34017",0,0,0,0,0.227384129576018,94.5
"34019",0,0,0,0,0.196907980434128,89.85
"34021",0,0,0,0,0.160942931040184,81.42
"34023",5.11683438512707e-05,1.51931445052075,1,1,0.351344044299252,99.84
"34025",4.562697988502e-05,1.35477767414997,1,1,0.321291388155778,99.43
"34027",0,0,0,0,0.250193199833139,96.79
"34029",0,0,0,0,0.224669606535765,94.11
"34031",0,0,0,0,0.321867521055079,99.46
"34033",0,0,0,0,0.112918132933374,59.97
"34035",0,0,0,0,0.211107357523145,92.17
"34037",0,0,0,0,0.186744361004099,88.16
"34039",0,0,0,0,0.297314629599703,98.95
"34041",0,0,0,0,0.180727020851901,86.67
"35001",0,0,0,0,0.22693660493177,94.37
"35003",0,0,0,0,0.0621316313520706,14.92
"35005",0,0,0,0,0.137393081713571,72.83
"35006",0,0,0,0,0.0643069692159602,16.48
"35007",0,0,0,0,0.0714897157322089,23.39
"35009",0,0,0,0,0.10443818312853,53.48
"35011",0,0,0,0,0.054541348986213,9.51
"35013",0,0,0,0,0.180116373537827,86.57
"35015",0.000860609885538885,25.5536321277236,1,1,0.195821684552254,89.69
"35017",0,0,0,0,0.0933087064706058,44.48
"35019",0,0,0,0,0.0407232671105781,2.45
"35021",0,0,0,0,0.0369957427054021,1.69
"35023",0,0,0,0,0.0656943039495531,18.17
"35025",0,0,0,0,0.0992135000723116,49.35
"35027",0,0,0,0,0.119646816985601,64.68
"35028",0,0,0,0,0.0250775983414112,0.38
"35029",0,0,0,0,0.0942147927830717,45.31
"35031",0,0,0,0,0.102336283339019,51.67
"35033",0,0,0,0,0.0642691519024023,16.39
"35035",0,0,0,0,0.0860708690795401,38.72
"35037",0,0,0,0,0.0648993350947435,17.18
"35039",0,0,0,0,0.0847068898222281,37.67
"35041",0,0,0,0,0.0752864136404803,27.68
"35043",0,0,0,0,0.153109005073446,79.03
"35045",0,0,0,0,0.153637985869551,79.22
"35047",0,0,0,0,0.078124142663411,30.89
"35049",0,0,0,0,0.170098321499002,84.12
"35051",0,0,0,0,0.0697871512433828,21.86
"35053",0,0,0,0,0.053949785862612,8.88
"35055",0,0,0,0,0.137792141350345,72.99
"35057",0,0,0,0,0.0929258138864169,44.19
"35059",0,0,0,0,0.0626971492158898,15.21
"35061",0,0,0,0,0.127198997459643,68.37
"36001",0,0,0,0,0.186440964331099,88.13
"36003",0,0,0,0,0.098430460007823,48.87
"36005",0,0,0,0,0.120479057423522,65.19
"36007",0,0,0,0,0.185538121836964,87.88
"36009",0,0,0,0,0.122085413872287,66.12
"36011",0,0,0,0,0.14707326525658,77.03
"36013",0,0,0,0,0.166871054539571,83.36
"36015",0,0,0,0,0.166143400011043,83.2
"36017",0,0,0,0,0.100464547043744,50.14
"36019",0,0,0,0,0.143530476245952,75.5
"36021",0,0,0,0,0.148088416903987,77.41
"36023",0,0,0,0,0.108589811080465,57.21
"36025",0,0,0,0,0.116818473928823,62.46
"36027",0,0,0,0,0.157752487241504,80.56
"36029",0,0,0,0,0.27462862683146,98.12
"36031",0,0,0,0,0.110227237825423,58.42
"36033",0,0,0,0,0.081640285103489,34.36
"36035",0,0,0,0,0.12029554845221,65.03
"36037",0,0,0,0,0.14448991650532,75.95
"36039",0,0,0,0,0.133848161804583,71.17
"36041",0,0,0,0,0.0791716836058999,31.94
"36043",0,0,0,0,0.124027091400614,67.13
"36045",0,0,0,0,0.102752345305865,52.24
"36047",0,0,0,0,0.168520318093456,83.74
"36049",0,0,0,0,0.0781417677722709,30.93
"36051",0,0,0,0,0.126975401933878,68.15
"36053",0,0,0,0,0.123197690538984,66.66
"36055",0,0,0,0,0.222103028442088,93.76
"36057",0,0,0,0,0.100381333180448,50.02
"36059",0,0,0,0,0.242988570709086,96.09
"36061",0,0,0,0,0.179199765039554,86.38
"36063",0,0,0,0,0.207930287729344,91.73
"36065",0,0,0,0,0.200367838415762,90.33
"36067",0,0,0,0,0.248493982317239,96.69
"36069",0,0,0,0,0.173144954913381,84.98
"36071",0,0,0,0,0.239750494619969,95.67
"36073",0,0,0,0,0.0963491295133755,47.38
"36075",0,0,0,0,0.141668001113681,74.67
"36077",0,0,0,0,0.116123479586565,62.11
"36079",0,0,0,0,0.183235127077154,87.34
"36081",0,0,0,0,0.190834068330065,88.9
"36083",0,0,0,0,0.161782479438006,81.74
"36085",0,0,0,0,0.146821594168098,76.93
"36087",0,0,0,0,0.186282993341417,88.1
"36089",0,0,0,0,0.118635887889054,63.98
"36091",0,0,0,0,0.206648670460665,91.44
"36093",0,0,0,0,0.147292619881173,77.09
"36095",0,0,0,0,0.0856729365258334,38.37
"36097",0,0,0,0,0.0729979725709727,25.04
"36099",0,0,0,0,0.107133997296315,55.97
"36101",0,0,0,0,0.113098801224169,60.2
"36103",0,0,0,0,0.306675477174929,99.11
"36105",0,0,0,0,0.110005588635773,58.16
"36107",0,0,0,0,0.10140440655537,50.59
"36109",0,0,0,0,0.116627675663014,62.36
"36111",0,0,0,0,0.2100169945876,92.05
"36113",0,0,0,0,0.130293486698517,69.52
"36115",0,0,0,0,0.118717745083426,64.08
"36117",0,0,0,0,0.142092870607819,74.9
"36119",0,0,0,0,0.22008856134719,93.41
"36121",0,0,0,0,0.102950300103458,52.34
"36123",0,0,0,0,0.111979973307315,59.31
"37001",0,0,0,0,0.193263174144086,89.18
"37003",0,0,0,0,0.114251205167021,60.77
"37005",0,0,0,0,0.0795529717739591,32.36
"37007",0,0,0,0,0.086796410059283,39.48
"37009",0,0,0,0,0.10917108856997,57.62
"37011",0,0,0,0,0.0894459044250107,41.46
"37013",0.0290675521201894,863.087382813001,1,1,0.198310242326731,89.98
"37015",0,0,0,0,0.0801052738553493,32.77
"37017",0,0,0,0,0.0668643279684409,19.09
"37019",0,0,0,0,0.18313002928918,87.27
"37021",0,0,0,0,0.227769184402843,94.59
"37023",0,0,0,0,0.113438643303743,60.39
"37025",0,0,0,0,0.202284296835454,90.61
"37027",0,0,0,0,0.142462683196458,75.25
"37029",0,0,0,0,0.101428775463249,50.65
"37031",0,0,0,0,0.160642998391647,81.36
"37033",0,0,0,0,0.107211130435199,56.03
"37035",0,0,0,0,0.20970804022679,91.98
"37037",0,0,0,0,0.152260318867481,78.81
"37039",0,0,0,0,0.128756266487797,69.04
"37041",0,0,0,0,0.0902565938906306,41.93
"37043",0,0,0,0,0.0955769070060112,46.64
"37045",0,0,0,0,0.152774412605168,78.97
"37047",0,0,0,0,0.105739507272822,54.72
"37049",0,0,0,0,0.121775683448777,65.92
"37051",0,0,0,0,0.0939428769505428,45.08
"37053",0,0,0,0,0.138779558816646,73.43
"37055",0,0,0,0,0.1293021869368,69.11
"37057",0,0,0,0,0.193498768391189,89.25
"37059",0,0,0,0,0.114022025737474,60.71
"37061",0,0,0,0,0.0936035586901784,44.7
"37063",0,0,0,0,0.141849332225904,74.77
"37065",0,0,0,0,0.110170248620261,58.35
"37067",0,0,0,0,0.223722266862298,93.95
"37069",0,0,0,0,0.153599935973897,79.16
"37071",0,0,0,0,0.185334403115259,87.81
"37073",0,0,0,0,0.0833775163249512,36.21
"37075",0,0,0,0,0.0947329489038833,45.66
"37077",0,0,0,0,0.0897715630081725,41.55
"37079",0,0,0,0,0.0803786720774142,32.99
"37081",0.000129043223184976,3.8316118711323,1,1,0.362380788797353,99.97
"37083",0,0,0,0,0.1194990227324,64.52
"37085",0,0,0,0,0.134234977636949,71.46
"37087",0,0,0,0,0.145954204120503,76.71
"37089",0,0,0,0,0.186926083348414,88.23
"37091",0,0,0,0,0.093226835129931,44.38
"37093",0,0,0,0,0.105170232082821,54.06
"37095",0,0,0,0,0.081929919693138,34.65
"37097",0,0,0,0,0.238070241609281,95.58
"37099",0,0,0,0,0.0900661223204135,41.78
"37101",0,0,0,0,0.183452164213217,87.43
"37103",0,0,0,0,0.0960772126340862,47.06
"37105",0,0,0,0,0.13226778384943,70.31
"37107",0,0,0,0,0.113869930301416,60.67
"37109",0,0,0,0,0.178445950219442,86.19
"37111",0,0,0,0,0.0990656539382276,49.22
"37113",0,0,0,0,0.131092007443454,69.77
"37115",0,0,0,0,0.110924794197049,58.7
"37117",0,0,0,0,0.117294538909393,62.81
"37119",0,0,0,0,0.280504651298336,98.31
"37121",0,0,0,0,0.0832589198289686,36.05
"37123",0,0,0,0,0.0942948632579807,45.34
"37125",0,0,0,0,0.15461608885675,79.45
"37127",0.00883980385982275,262.475599816864,1,1,0.214787363200759,92.59
"37129",0,0,0,0,0.218113266244513,93.13
"37131",0,0,0,0,0.0746868726436971,26.95
"37133",0,0,0,0,0.0749870353462904,27.2
"37135",0,0,0,0,0.105873377977396,54.79
"37137",0,0,0,0,0.0680891540425934,20.2
"37139",0,0,0,0,0.103746119275171,53.04
"37141",0,0,0,0,0.154946850194016,79.67
"37143",0,0,0,0,0.104804208989828,53.74
"37145",0,0,0,0,0.121780289921159,65.96
"37147",0,0,0,0,0.143478687050503,75.47
"37149",0,0,0,0,0.128380072787474,68.82
"37151",0,0,0,0,0.179776523197004,86.48
"37153",0,0,0,0,0.112104567700132,59.4
"37155",0,0,0,0,0.133418957993759,70.98
"37157",0,0,0,0,0.129919595679732,69.36
"37159",0,0,0,0,0.188175079695714,88.39
"37161",0,0,0,0,0.148572217395411,77.47
"37163",0,0,0,0,0.101986531834004,51.26
"37165",0,0,0,0,0.0969919651256118,47.76
"37167",0,0,0,0,0.144930543337137,76.17
"37169",0,0,0,0,0.106872598752224,55.68
"37171",0,0,0,0,0.131393922369464,69.9
"37173",0,0,0,0,0.0417430171452231,2.99
"37175",0,0,0,0,0.117172635396461,62.77
"37177",0,0,0,0,0.0528538827321997,8.15
"37179",0,0,0,0,0.215255816135298,92.71
"37181",0,0,0,0,0.115900355068948,61.85
"37183",0,0,0,0,0.249909002408407,96.75
"37185",0,0,0,0,0.0794145834069219,32.17
"37187",0,0,0,0,0.102075069016996,51.38
"37189",0,0,0,0,0.119773096074639,64.78
"37191",0,0,0,0,0.150343409409384,78.24
"37193",0,0,0,0,0.12178333789527,66.02
"37195",0,0,0,0,0.156545571406653,80.15
"37197",0,0,0,0,0.106541080240642,55.3
"37199",0,0,0,0,0.0915855982723058,43.02
"38001",0,0,0,0,0.0429949271570544,3.44
"38003",0,0,0,0,0.083763061381726,36.65
"38005",0,0,0,0,0.0298888408602835,0.73
"38007",0,0,0,0,0.03550459075923,1.27
"38009",0,0,0,0,0.0768695899490052,29.65
"38011",0,0,0,0,0.0651975796911363,17.69
"38013",0,0,0,0,0.0505269052043214,6.62
"38015",0,0,0,0,0.191006828301688,88.93
"38017",0,0,0,0,0.230793953307583,94.78
"38019",0,0,0,0,0.0476284726130637,5.06
"38021",0,0,0,0,0.055967832443346,10.12
"38023",0,0,0,0,0.0516595561231266,7.16
"38025",0,0,0,0,0.0527740729948338,8.05
"38027",0,0,0,0,0.0489706770846066,5.76
"38029",0,0,0,0,0.0643769935443055,16.61
"38031",0,0,0,0,0.0576848086262177,11.52
"38033",0,0,0,0,0.035238632097361,1.15
"38035",0,0,0,0,0.156753131483753,80.31
"38037",0,0,0,0,0.0410973492455885,2.61
"38039",0,0,0,0,0.0547614208757307,9.64
"38041",0,0,0,0,0.0453656226459555,4.26
"38043",0,0,0,0,0.0504773475500023,6.59
"38045",0,0,0,0,0.0640323313747656,16.16
"38047",0,0,0,0,0.0431913985411816,3.47
"38049",0,0,0,0,0.0724445280364399,24.28
"38051",0,0,0,0,0.0523706917399293,7.86
"38053",0,0,0,0,0.0685774199199155,20.74
"38055",0,0,0,0,0.0651473618788637,17.66
"38057",0,0,0,0,0.0570134912063123,10.85
"38059",0,0,0,0,0.142018843528095,74.86
"38061",0,0,0,0,0.0766071904756908,29.37
"38063",0,0,0,0,0.0449993396079926,4.04
"38065",0,0,0,0,0.0503110651537292,6.4
"38067",0,0,0,0,0.0680021867436849,20.04
"38069",0,0,0,0,0.0645165106093069,16.77
"38071",0,0,0,0,0.0959171559412959,46.9
"38073",0,0,0,0,0.0598870436043932,13.01
"38075",0,0,0,0,0.0609556303109883,13.78
"38077",0,0,0,0,0.0984309779117227,48.9
"38079",0,0,0,0,0.0457844220800872,4.39
"38081",0,0,0,0,0.0380156838660707,1.94
"38083",0,0,0,0,0.0354100652256768,1.21
"38085",0,0,0,0,0.0247841447659072,0.35
"38087",0,0,0,0,0.0355713868709125,1.34
"38089",0,0,0,0,0.140060577725811,74.01
"38091",0,0,0,0,0.0538288976576107,8.75
"38093",0,0,0,0,0.107818338057332,56.44
"38095",0,0,0,0,0.0363441880561981,1.53
"38097",0,0,0,0,0.0655960981129742,18.01
"38099",0,0,0,0,0.0678169290076576,19.6
"38101",0,0,0,0,0.150405318138885,78.27
"38103",0,0,0,0,0.0616943396606302,14.54
"38105",0,0,0,0,0.111516054764018,59.05
"39001",0,0,0,0,0.10994208067793,58.07
"39003",0,0,0,0,0.206713838623764,91.5
"39005",0.00223907877901663,66.4837766628214,1,1,0.195094225911016,89.53
"39007",0,0,0,0,0.166646714668439,83.33
"39009",0,0,0,0,0.101206822041356,50.46
"39011",0,0,0,0,0.118541856600503,63.89
"39013",0,0,0,0,0.149814958055453,77.95
"39015",0,0,0,0,0.115970998252018,61.98
"39017",0,0,0,0,0.25907727169019,97.36
"39019",0,0,0,0,0.133138316259833,70.82
"39021",0,0,0,0,0.1033558499389,52.66
"39023",0,0,0,0,0.156199153226587,80.02
"39025",0,0,0,0,0.202757547982173,90.68
"39027",0,0,0,0,0.0975052162750319,48.27
"39029",0,0,0,0,0.186207001751386,88.04
"39031",0,0,0,0,0.133601536511488,71.05
"39033",0,0,0,0,0.130281404048064,69.49
"39035",0,0,0,0,0.29961036885417,99.05
"39037",0,0,0,0,0.143073551332912,75.37
"39039",0,0,0,0,0.115925277470231,61.88
"39041",0,0,0,0,0.185328591532025,87.78
"39043",0,0,0,0,0.159214532338999,81.04
"39045",0,0,0,0,0.164905781360444,82.85
"39047",0,0,0,0,0.106943925658412,55.77
"39049",0,0,0,0,0.246265958917177,96.4
"39051",0,0,0,0,0.116456447359679,62.3
"39053",0,0,0,0,0.0915133466798292,42.92
"39055",0,0,0,0,0.188392514057073,88.42
"39057",0,0,0,0,0.114877803355734,61.12
"39059",0,0,0,0,0.118921913402159,64.17
"39061",1.60132091182771e-05,0.475471711246424,1,0,0.276710219431924,98.22
"39063",0,0,0,0,0.136693325010712,72.54
"39065",0,0,0,0,0.0932683215710182,44.45
"39067",0,0,0,0,0.0892996457441194,41.27
"39069",0,0,0,0,0.0971394288396159,47.92
"39071",0,0,0,0,0.111432837746534,58.96
"39073",0,0,0,0,0.100488136982066,50.17
"39075",0,0,0,0,0.175141714447944,85.56
"39077",0,0,0,0,0.132955081951614,70.66
"39079",0,0,0,0,0.105563833534343,54.5
"39081",0,0,0,0,0.128573804107853,68.92
"39083",0,0,0,0,0.135884300226672,72.1
"39085",0,0,0,0,0.246944621739916,96.47
"39087",0,0,0,0,0.101299884037267,50.52
"39089",0,0,0,0,0.163045090939532,82.15
"39091",0,0,0,0,0.108559021396255,57.17
"39093",0,0,0,0,0.210143645241368,92.08
"39095",0,0,0,0,0.239809189319923,95.7
"39097",0,0,0,0,0.081076817911114,33.85
"39099",0,0,0,0,0.230966527332698,94.81
"39101",0,0,0,0,0.118182111662533,63.41
"39103",0,0,0,0,0.237347030115967,95.55
"39105",0,0,0,0,0.0802834977418806,32.9
"39107",0,0,0,0,0.116009481639232,62.04
"39109",0,0,0,0,0.165458928263965,82.98
"39111",0,0,0,0,0.0923886297083096,43.72
"39113",0,0,0,0,0.252154078041705,96.82
"39115",0,0,0,0,0.0680190381076466,20.11
"39117",0,0,0,0,0.15250581982408,78.87
"39119",0,0,0,0,0.143121161277847,75.41
"39121",0,0,0,0,0.0812970782273928,34.04
"39123",0,0,0,0,0.111139286184851,58.8
"39125",0,0,0,0,0.0785238658265261,31.4
"39127",0,0,0,0,0.0918441783046227,43.3
"39129",0,0,0,0,0.0958539187438617,46.83
"39131",0,0,0,0,0.080213400251262,32.83
"39133",0,0,0,0,0.196021158791242,89.72
"39135",0,0,0,0,0.0950275453002661,46.13
"39137",0,0,0,0,0.119704932845563,64.75
"39139",0,0,0,0,0.183122740009445,87.24
"39141",0,0,0,0,0.118464092047266,63.82
"39143",0,0,0,0,0.131742006942873,70.09
"39145",0,0,0,0,0.114306066880879,60.83
"39147",0,0,0,0,0.131780548325793,70.16
"39149",0,0,0,0,0.116954365712456,62.52
"39151",0,0,0,0,0.27180961962671,97.93
"39153",0,0,0,0,0.274535133999066,98.09
"39155",0,0,0,0,0.217255124044056,93.03
"39157",0,0,0,0,0.214324975836118,92.49
"39159",0,0,0,0,0.119942906537137,64.91
"39161",0,0,0,0,0.101876933979631,51.13
"39163",0,0,0,0,0.0680939621824823,20.24
"39165",0,0,0,0,0.214277614607558,92.46
"39167",0,0,0,0,0.149028889019542,77.6
"39169",0,0,0,0,0.203594463470305,90.84
"39171",0,0,0,0,0.123411205559159,66.78
"39173",0,0,0,0,0.172175845573356,84.73
"39175",0,0,0,0,0.0939753125027977,45.12
"40001",0,0,0,0,0.0808995184774686,33.69
"40003",0,0,0,0,0.0486359605464314,5.5
"40005",0,0,0,0,0.0977832333833468,48.52
"40007",0,0,0,0,0.059243333813497,12.6
"40009",0,0,0,0,0.0799126750428446,32.71
"40011",0,0,0,0,0.0721743331502137,23.99
"40013",0,0,0,0,0.112551865292604,59.69
"40015",0,0,0,0,0.0774052064433301,30.16
"40017",0,0,0,0,0.191757968558924,89.02
"40019",0,0,0,0,0.144520721963789,75.98
"40021",0,0,0,0,0.0638035875940149,16.04
"40023",0,0,0,0,0.0707955287943926,22.69
"40025",0,0,0,0,0.0428875977325876,3.34
"40027",0,0,0,0,0.169712616088216,84.03
"40029",0,0,0,0,0.0585794960102471,12.12
"40031",0,0,0,0,0.097050141385654,47.85
"40033",0,0,0,0,0.0422646765086244,3.15
"40035",0,0,0,0,0.0963544746162774,47.41
"40037",0,0,0,0,0.156150507707677,79.99
"40039",0,0,0,0,0.109328439790227,57.72
"40041",0,0,0,0,0.122960763928428,66.5
"40043",0,0,0,0,0.0525396052214906,7.99
"40045",0,0,0,0,0.0436463109377943,3.66
"40047",0,0,0,0,0.147431126470771,77.19
"40049",0,0,0,0,0.103107817663551,52.5
"40051",0,0,0,0,0.151346656904811,78.46
"40053",0,0,0,0,0.0607044796323038,13.59
"40055",0,0,0,0,0.0412043647121238,2.64
"40057",0,0,0,0,0.0614911683613683,14.29
"40059",0,0,0,0,0.052285204933359,7.7
"40061",0,0,0,0,0.0845066691442138,37.61
"40063",0,0,0,0,0.0740417103859082,26.15
"40065",0,0,0,0,0.0795993409519663,32.39
"40067",0,0,0,0,0.0587528726403429,12.28
"40069",0,0,0,0,0.0631634065105347,15.75
"40071",0,0,0,0,0.118352015775833,63.7
"40073",0,0,0,0,0.100335737684456,49.98
"40075",0,0,0,0,0.0644276139279866,16.67
"40077",0,0,0,0,0.057951499332651,11.71
"40079",0,0,0,0,0.115126295911262,61.34
"40081",0,0,0,0,0.103432585426322,52.85
"40083",0,0,0,0,0.141871577183697,74.8
"40085",0,0,0,0,0.0441131430357289,3.79
"40087",0,0,0,0,0.11594504135054,61.95
"40089",0,0,0,0,0.0952403536745965,46.33
"40091",0,0,0,0,0.0824940110241177,35.09
"40093",0,0,0,0,0.0760433792048245,28.7
"40095",0,0,0,0,0.0732380116775505,25.45
"40097",0,0,0,0,0.124096378183422,67.2
"40099",0,0,0,0,0.0718715569621565,23.74
"40101",0,0,0,0,0.142350147839466,75.15
"40103",0,0,0,0,0.055713767095109,9.9
"40105",0,0,0,0,0.0732816772300057,25.49
"40107",0,0,0,0,0.0628079944923237,15.24
"40109",0,0,0,0,0.235618705886013,95.32
"40111",0,0,0,0,0.0901259224862576,41.84
"40113",0,0,0,0,0.0952085236029972,46.23
"40115",0,0,0,0,0.0949916035082184,46.1
"40117",0,0,0,0,0.08289781451296,35.63
"40119",0,0,0,0,0.127285309521001,68.41
"40121",0,0,0,0,0.112503043390863,59.62
"40123",0,0,0,0,0.100110157772918,49.76
"40125",0,0,0,0,0.134162716277325,71.36
"40127",0,0,0,0,0.0810221747852003,33.79
"40129",0,0,0,0,0.0570842613462663,10.98
"40131",0,0,0,0,0.156824222072976,80.37
"40133",0,0,0,0,0.0765926431607669,29.3
"40135",0,0,0,0,0.10833551744891,56.79
"40137",0,0,0,0,0.113297782720478,60.32
"40139",0,0,0,0,0.0704194702519959,22.37
"40141",0,0,0,0,0.0637128360251423,15.97
"40143",0,0,0,0,0.300396016702586,99.08
"40145",0,0,0,0,0.134409281845178,71.56
"40147",0,0,0,0,0.119964124893776,64.94
"40149",0,0,0,0,0.0807467657724713,33.57
"40151",0,0,0,0,0.0756428224233451,28.16
"40153",0,0,0,0,0.120924854060461,65.42
"41001",0,0,0,0,0.110555195069096,58.57
"41003",0,0,0,0,0.133099960270338,70.76
"41005",0,0,0,0,0.28816072328188,98.6
"41007",0,0,0,0,0.139459847505278,73.88
"41009",0,0,0,0,0.16911069496364,83.93
"41011",0,0,0,0,0.154780629314629,79.64
"41013",0,0,0,0,0.136085444104709,72.26
"41015",0,0,0,0,0.117496007009041,62.97
"41017",0,0,0,0,0.240913065201272,95.93
"41019",0,0,0,0,0.14894830520516,77.57
"41021",0,0,0,0,0.0488534144785792,5.6
"41023",0,0,0,0,0.0731982406393574,25.33
"41025",0,0,0,0,0.0718408392234388,23.7
"41027",0,0,0,0,0.10814155317935,56.7
"41029",0,0,0,0,0.236105842103141,95.39
"41031",0,0,0,0,0.0963386046444521,47.34
"41033",0,0,0,0,0.161002313517757,81.45
"41035",0,0,0,0,0.151796641120875,78.56
"41037",0,0,0,0,0.062676066391981,15.18
"41039",0,0,0,0,0.261522810708886,97.45
"41041",0,0,0,0,0.115067265036009,61.25
"41043",0,0,0,0,0.172910352796497,84.89
"41045",0,0,0,0,0.132285955584417,70.35
"41047",0,0,0,0,0.20004818873757,90.26
"41049",0,0,0,0,0.0645842465727985,16.8
"41051",5.37377276464487e-06,0.159560579855216,1,0,0.309290858476463,99.24
"41053",0,0,0,0,0.140921178905714,74.48
"41055",0,0,0,0,0.0593239674375992,12.63
"41057",0,0,0,0,0.0969990420767057,47.79
"41059",0,0,0,0,0.140558247256906,74.26
"41061",0,0,0,0,0.119248794730539,64.33
"41063",0,0,0,0,0.123376044952062,66.75
"41065",0,0,0,0,0.118188706588053,63.44
"41067",0,0,0,0,0.246232629715326,96.37
"41069",0,0,0,0,0.0621145752451786,14.86
"41071",0,0,0,0,0.160441847629357,81.32
"42001",0,0,0,0,0.16467881746383,82.72
"42003",0,0,0,0,0.253662831060899,96.91
"42005",0,0,0,0,0.159170398050478,80.97
"42007",0,0,0,0,0.207270478503925,91.57
"42009",0,0,0,0,0.120854937642025,65.35
"42011",0,0,0,0,0.258441733308578,97.33
"42013",0,0,0,0,0.198311426132741,90.01
"42015",0,0,0,0,0.117316078621533,62.87
"42017",0,0,0,0,0.322440891297248,99.49
"42019",0,0,0,0,0.22004687269295,93.38
"42021",0,0,0,0,0.182307973242925,87.05
"42023",0,0,0,0,0.0524036854636569,7.89
"42025",0,0,0,0,0.117116182553501,62.68
"42027",0,0,0,0,0.119973477757639,64.97
"42029",0,0,0,0,0.286853997894019,98.54
"42031",0,0,0,0,0.110729081763869,58.61
"42033",0,0,0,0,0.14386173521305,75.6
"42035",0,0,0,0,0.116293410127532,62.27
"42037",0,0,0,0,0.138759694055359,73.4
"42039",0,0,0,0,0.178090512208378,86.13
"42041",0,0,0,0,0.16957404520515,84
"42043",0,0,0,0,0.167239774228648,83.49
"42045",0,0,0,0,0.22764870996669,94.56
"42047",0,0,0,0,0.1042340832001,53.26
"42049",0,0,0,0,0.210410585015211,92.14
"42051",0,0,0,0,0.163134119553316,82.18
"42053",0,0,0,0,0.0898650268249109,41.65
"42055",0,0,0,0,0.165682165100462,83.04
"42057",0,0,0,0,0.0737456647398622,25.87
"42059",0,0,0,0,0.0814039258321982,34.17
"42061",0,0,0,0,0.102614278375727,51.99
"42063",0,0,0,0,0.149438298284058,77.66
"42065",0,0,0,0,0.132925188635557,70.63
"42067",0,0,0,0,0.108603716037813,57.27
"42069",0,0,0,0,0.199358639442224,90.1
"42071",0,0,0,0,0.313185798665899,99.27
"42073",0,0,0,0,0.168019756953556,83.61
"42075",0,0,0,0,0.182146355847728,86.99
"42077",0,0,0,0,0.222075524261971,93.73
"42079",0,0,0,0,0.21551011175875,92.78
"42081",0,0,0,0,0.195511149411398,89.63
"42083",0,0,0,0,0.117507818552283,63.03
"42085",0,0,0,0,0.168989871122409,83.87
"42087",0,0,0,0,0.139003471135428,73.59
"42089",0,0,0,0,0.145412829591071,76.39
"42091",0,0,0,0,0.290024451602066,98.63
"42093",0,0,0,0,0.049971757136776,6.17
"42095",0,0,0,0,0.233225061607941,95.13
"42097",0,0,0,0,0.162167888472901,81.83
"42099",0,0,0,0,0.110130423136271,58.26
"42101",0,0,0,0,0.180734326524043,86.7
"42103",0,0,0,0,0.118053080815388,63.28
"42105",0,0,0,0,0.087982250150024,40.57
"42107",0,0,0,0,0.170107033825206,84.16
"42109",0,0,0,0,0.120435876979528,65.13
"42111",0,0,0,0,0.177155562470169,86
"42113",0,0,0,0,0.0786011183808395,31.53
"42115",0,0,0,0,0.144315160478591,75.82
"42117",0,0,0,0,0.118120197771845,63.35
"42119",0,0,0,0,0.101019743768525,50.33
"42121",0,0,0,0,0.148844070631653,77.51
"42123",0,0,0,0,0.112557515096587,59.72
"42125",0,0,0,0,0.222782843328338,93.83
"42127",0,0,0,0,0.151414375377907,78.49
"42129",0,0,0,0,0.262415754083598,97.52
"42131",0,0,0,0,0.106424773549375,55.17
"42133",0,0,0,0,0.249001895785459,96.72
"44001",0,0,0,0,0.163918998508172,82.5
"44003",0,0,0,0,0.207301615548164,91.63
"44005",0,0,0,0,0.140239143835342,74.16
"44007",0,0,0,0,0.240145205137426,95.86
"44009",0,0,0,0,0.176656832370181,85.94
"45001",0,0,0,0,0.0955514438973148,46.61
"45003",0,0,0,0,0.138215885111777,73.15
"45005",0,0,0,0,0.0568368627213281,10.69
"45007",0,0,0,0,0.192583463006801,89.09
"45009",0,0,0,0,0.0760701603510092,28.73
"45011",0,0,0,0,0.0831751577075281,35.89
"45013",0,0,0,0,0.161238254000242,81.58
"45015",0,0,0,0,0.208276151045042,91.76
"45017",0,0,0,0,0.0818013160807472,34.55
"45019",0,0,0,0,0.236208980435889,95.42
"45021",0,0,0,0,0.133183528248712,70.89
"45023",0,0,0,0,0.122363961559387,66.24
"45025",0,0,0,0,0.0953404009360901,46.39
"45027",0,0,0,0,0.112929993673208,60.01
"45029",0,0,0,0,0.133555182579732,71.01
"45031",0,0,0,0,0.112988164377485,60.07
"45033",0,0,0,0,0.0832624732906407,36.08
"45035",0,0,0,0,0.181800112735207,86.89
"45037",0,0,0,0,0.0894309790090466,41.39
"45039",0,0,0,0,0.0956666026242181,46.71
"45041",0,0,0,0,0.159075451665972,80.88
"45043",0,0,0,0,0.139318804454937,73.78
"45045",0,0,0,0,0.263502352928918,97.61
"45047",0,0,0,0,0.131629958412331,70.03
"45049",0,0,0,0,0.0957372779166001,46.74
"45051",0,0,0,0,0.211174818433725,92.2
"45053",0,0,0,0,0.128513012168433,68.88
"45055",0,0,0,0,0.151938581016679,78.65
"45057",0,0,0,0,0.173396720732349,85.14
"45059",0,0,0,0,0.114882824054335,61.15
"45061",0,0,0,0,0.10172318731524,50.91
"45063",0,0,0,0,0.24832201454613,96.63
"45065",0,0,0,0,0.106270234577178,55.01
"45067",0,0,0,0,0.102555134138121,51.89
"45069",0,0,0,0,0.0717904600807761,23.64
"45071",0,0,0,0,0.0994355681626377,49.54
"45073",0,0,0,0,0.14971697456666,77.86
"45075",0,0,0,0,0.148900031177932,77.54
"45077",0,0,0,0,0.141182914882764,74.58
"45079",0,0,0,0,0.19482186178265,89.47
"45081",0,0,0,0,0.0709265075525823,22.84
"45083",0,0,0,0,0.228955282359601,94.69
"45085",0,0,0,0,0.13503350710696,71.71
"45087",0,0,0,0,0.0745999059117908,26.79
"45089",0,0,0,0,0.0829153991099524,35.7
"45091",0,0,0,0,0.245068529327179,96.31
"46003",0,0,0,0,0.0408027044679236,2.48
"46005",0,0,0,0,0.104922773953549,53.87
"46007",0,0,0,0,0.0413379012670951,2.8
"46009",0,0,0,0,0.0662184535130958,18.64
"46011",0,0,0,0,0.114152015713779,60.74
"46013",0,0,0,0,0.160070894647586,81.2
"46015",0,0,0,0,0.0699310076295082,21.95
"46017",0,0,0,0,0.0324493944892127,0.92
"46019",0,0,0,0,0.111371336994155,58.92
"46021",0,0,0,0,0.0481260198159242,5.28
"46023",0,0,0,0,0.0775659746737842,30.35
"46025",0,0,0,0,0.0462464760190808,4.58
"46027",0,0,0,0,0.0637367031359583,16
"46029",0,0,0,0,0.151880563108903,78.62
"46031",0,0,0,0,0.0325707011947789,0.95
"46033",0,0,0,0,0.0973401169252429,48.11
"46035",0,0,0,0,0.125333285712262,67.64
"46037",0,0,0,0,0.0741801285319942,26.25
"46039",0,0,0,0,0.064445599743543,16.74
"46041",0,0,0,0,0.0442587795215427,3.91
"46043",0,0,0,0,0.0523460384130087,7.8
"46045",0,0,0,0,0.0577838670990795,11.58
"46047",0,0,0,0,0.0727055582326126,24.66
"46049",0,0,0,0,0.0497948578862954,6.05
"46051",0,0,0,0,0.0718902886609436,23.8
"46053",0,0,0,0,0.0721799104630535,24.02
"46055",0,0,0,0,0.0545097988400025,9.48
"46057",0,0,0,0,0.0575974968131205,11.45
"46059",0,0,0,0,0.053967107627753,8.91
"46061",0,0,0,0,0.0551606741123693,9.7
"46063",0,0,0,0,0.0354174820763186,1.24
"46065",0,0,0,0,0.110486571782637,58.54
"46067",0,0,0,0,0.0623850957726107,15.02
"46069",0,0,0,0,0.0404682386068435,2.39
"46071",0,0,0,0,0.0381783516683036,1.97
"46073",0,0,0,0,0.0346165073679982,1.08
"46075",0,0,0,0,0.0386590362275321,2
"46077",0,0,0,0,0.0597453019045984,12.89
"46079",0,0,0,0,0.0876860522790357,40.22
"46081",0,0,0,0,0.13417655030556,71.4
"46083",0,0,0,0,0.157364592746622,80.4
"46085",0,0,0,0,0.0451369871643191,4.2
"46087",0,0,0,0,0.0730021124069507,25.07
"46089",0,0,0,0,0.0372481107721559,1.78
"46091",0,0,0,0,0.0501725185007354,6.3
"46093",0,0,0,0,0.135610828783636,71.94
"46095",0,0,0,0,0.0228988682959901,0.19
"46097",0,0,0,0,0.0555934979814853,9.86
"46099",0,0,0,0,0.219413093664103,93.29
"46101",0,0,0,0,0.0539858921684097,8.94
"46102",0,0,0,0,0.025577982597915,0.41
"46103",0,0,0,0,0.215089840267526,92.65
"46105",0,0,0,0,0.0606825277826693,13.55
"46107",0,0,0,0,0.047861267990218,5.19
"46109",0,0,0,0,0.0620144922307525,14.83
"46111",0,0,0,0,0.0374911635111146,1.85
"46115",0,0,0,0,0.0504398615783153,6.52
"46117",0,0,0,0,0.063137667467919,15.69
"46119",0,0,0,0,0.0414053309178072,2.83
"46121",0,0,0,0,0.0257660167505511,0.48
"46123",0,0,0,0,0.0660619438350982,18.49
"46125",0,0,0,0,0.072505868685499,24.34
"46127",0,0,0,0,0.112205722667442,59.5
"46129",0,0,0,0,0.0755007023040266,28.03
"46135",0,0,0,0,0.127009617469661,68.18
"46137",0,0,0,0,0.0299321259600737,0.76
"47001",0,0,0,0,0.115265224328937,61.37
"47003",0,0,0,0,0.115634728988785,61.69
"47005",0,0,0,0,0.1058789741176,54.82
"47007",0,0,0,0,0.0966895737853377,47.63
"47009",0,0,0,0,0.178847072273373,86.29
"47011",0,0,0,0,0.168787193160655,83.77
"47013",0,0,0,0,0.115971368537914,62.01
"47015",0,0,0,0,0.106295713235009,55.07
"47017",0,0,0,0,0.103385738641082,52.75
"47019",0,0,0,0,0.115936630219086,61.92
"47021",0,0,0,0,0.116686932776312,62.39
"47023",0,0,0,0,0.0843562082451145,37.35
"47025",0,0,0,0,0.0939400632786822,45.05
"47027",0,0,0,0,0.0746584215123494,26.92
"47029",0,0,0,0,0.0922143810652797,43.56
"47031",0,0,0,0,0.13432389761057,71.52
"47033",0,0,0,0,0.0731313542765257,25.2
"47035",0,0,0,0,0.145007348503813,76.23
"47037",4.83403937163934e-06,0.14353456295294,1,0,0.234529160411463,95.26
"47039",0,0,0,0,0.11265120661948,59.78
"47041",0,0,0,0,0.0808375165146044,33.66
"47043",0,0,0,0,0.145470258943075,76.52
"47045",0,0,0,0,0.103861377100079,53.1
"47047",0,0,0,0,0.150676582409646,78.33
"47049",0,0,0,0,0.0744152446813368,26.54
"47051",0,0,0,0,0.109524457320815,57.75
"47053",0,0,0,0,0.130790216611684,69.71
"47055",0,0,0,0,0.110737017710936,58.64
"47057",0,0,0,0,0.0862945225686105,39.04
"47059",0,0,0,0,0.134150005144129,71.33
"47061",0,0,0,0,0.0753969176150776,27.87
"47063",0,0,0,0,0.139028207566127,73.62
"47065",0,0,0,0,0.264692494449384,97.68
"47067",0,0,0,0,0.0621153027386626,14.89
"47069",0,0,0,0,0.0843950075067667,37.42
"47071",0,0,0,0,0.105465982731657,54.41
"47073",0,0,0,0,0.0972360090596793,47.98
"47075",0,0,0,0,0.072568861880472,24.47
"47077",0,0,0,0,0.0949335291284449,45.98
"47079",0,0,0,0,0.13300454309773,70.73
"47081",0,0,0,0,0.103611281208658,52.94
"47083",0,0,0,0,0.10402872385443,53.2
"47085",0,0,0,0,0.0977012613702783,48.49
"47087",0,0,0,0,0.090241286911841,41.9
"47089",0,0,0,0,0.105629394076631,54.53
"47091",0,0,0,0,0.0769837949135245,29.72
"47093",0,0,0,0,0.247947173231348,96.6
"47095",0,0,0,0,0.0471274197864977,4.87
"47097",0,0,0,0,0.0660907933695474,18.55
"47099",0,0,0,0,0.117825506541846,63.19
"47101",0,0,0,0,0.0946164143499575,45.56
"47103",0,0,0,0,0.104288535613991,53.29
"47105",0,0,0,0,0.140082699172857,74.07
"47107",0,0,0,0,0.123038281075024,66.59
"47109",0,0,0,0,0.113630579563527,60.48
"47111",0,0,0,0,0.0929932188348149,44.23
"47113",0,0,0,0,0.17545971978551,85.65
"47115",0,0,0,0,0.102636121135017,52.02
"47117",0,0,0,0,0.117473301633813,62.93
"47119",0,0,0,0,0.182196199909613,87.02
"47121",0,0,0,0,0.0628303972656361,15.3
"47123",0,0,0,0,0.108445596121408,56.98
"47125",0,0,0,0,0.169041854894003,83.9
"47127",0,0,0,0,0.0434956045890863,3.56
"47129",0,0,0,0,0.0643270179695872,16.54
"47131",0,0,0,0,0.109622561607167,57.81
"47133",0,0,0,0,0.106641935569265,55.42
"47135",0,0,0,0,0.0647485037214471,16.93
"47137",0,0,0,0,0.086245894004283,38.94
"47139",0,0,0,0,0.0876548098997683,40.18
"47141",0,0,0,0,0.159184694379477,81.01
"47143",0,0,0,0,0.0730050272455988,25.1
"47145",0,0,0,0,0.0864113439966276,39.2
"47147",0,0,0,0,0.135805270311234,72.03
"47149",0,0,0,0,0.218286282325329,93.16
"47151",0,0,0,0,0.0844434627289357,37.48
"47153",0,0,0,0,0.0948046828011173,45.78
"47155",0,0,0,0,0.123028271162957,66.56
"47157",2.55949453639327e-05,0.759977115240293,1,0,0.270516711403905,97.84
"47159",0,0,0,0,0.0854832859829891,38.28
"47161",0,0,0,0,0.0748941010190671,27.11
"47163",0,0,0,0,0.173270686180015,85.01
"47165",0,0,0,0,0.214165736400796,92.43
"47167",0,0,0,0,0.143256660116252,75.44
"47169",0,0,0,0,0.0691352034125782,21.25
"47171",0,0,0,0,0.0753382326815145,27.78
"47173",0,0,0,0,0.109881964537694,57.97
"47175",0,0,0,0,0.0840614753939395,36.91
"47177",0,0,0,0,0.120972758402725,65.45
"47179",0,0,0,0,0.156693714087345,80.27
"47181",0,0,0,0,0.074924358649269,27.14
"47183",0,0,0,0,0.10742650187193,56.12
"47185",0,0,0,0,0.108601944548101,57.24
"47187",0,0,0,0,0.207170134665791,91.54
"47189",0,0,0,0,0.174742393294537,85.4
"48001",0,0,0,0,0.133629468654228,71.11
"48003",0,0,0,0,0.0713060193941919,23.16
"48005",0,0,0,0,0.150312000995312,78.21
"48007",0,0,0,0,0.126230779375155,67.87
"48009",0,0,0,0,0.0723087141960073,24.21
"48011",0,0,0,0,0.0580435450556121,11.8
"48013",0,0,0,0,0.114872742062969,61.06
"48015",0,0,0,0,0.151804652813159,78.59
"48017",0,0,0,0,0.0616887496796063,14.48
"48019",0,0,0,0,0.105365945509745,54.28
"48021",0,0,0,0,0.167204926199031,83.46
"48023",0,0,0,0,0.0663806390456861,18.93
"48025",0,0,0,0,0.0797690099007816,32.48
"48027",0,0,0,0,0.136598704381441,72.48
"48029",0,0,0,0,0.233981849401266,95.23
"48031",0,0,0,0,0.113639023167012,60.52
"48033",0,0,0,0,0.0518403186150052,7.32
"48035",0,0,0,0,0.0837678517790046,36.68
"48037",0,0,0,0,0.167675888399089,83.58
"48039",0,0,0,0,0.199253651470852,90.07
"48041",0,0,0,0,0.138440366840157,73.27
"48043",0,0,0,0,0.080523937776106,33.25
"48045",0,0,0,0,0.05527483081158,9.74
"48047",0,0,0,0,0.0553496191715691,9.77
"48049",0,0,0,0,0.123475109851475,66.82
"48051",0,0,0,0,0.112685867703466,59.82
"48053",0,0,0,0,0.153805088571763,79.32
"48055",0,0,0,0,0.112072787743069,59.37
"48057",0,0,0,0,0.0826298071491103,35.32
"48059",0,0,0,0,0.109212320818399,57.65
"48061",0,0,0,0,0.156483948026864,80.11
"48063",0,0,0,0,0.0784390999971741,31.24
"48065",0,0,0,0,0.0371631614467536,1.75
"48067",0,0,0,0,0.0863421781072814,39.07
"48069",0,0,0,0,0.0517242927132318,7.22
"48071",0,0,0,0,0.118151870203539,63.38
"48073",0,0,0,0,0.113438713978995,60.42
"48075",0,0,0,0,0.0679865770513983,19.95
"48077",0,0,0,0,0.0728328843327471,24.85
"48079",0,0,0,0,0.0738150831974324,25.93
"48081",0,0,0,0,0.0537192952863662,8.72
"48083",0,0,0,0,0.0794633057442923,32.23
"48085",1.29879617829225e-05,0.385644649296487,1,0,0.226250285823515,94.3
"48087",0,0,0,0,0.0606034528256793,13.49
"48089",0,0,0,0,0.10767438243394,56.32
"48091",0,0,0,0,0.225807051138511,94.24
"48093",0,0,0,0,0.0849630272527808,37.86
"48095",0,0,0,0,0.0612400330175306,14.06
"48097",0,0,0,0,0.120856820083699,65.38
"48099",0,0,0,0,0.102509264601624,51.86
"48101",0,0,0,0,0.0838143290308471,36.75
"48103",0,0,0,0,0.0513479901656476,6.9
"48105",0,0,0,0,0.0615109041008085,14.32
"48107",0,0,0,0,0.0651106152565902,17.53
"48109",0,0,0,0,0.0471712709514805,4.9
"48111",0,0,0,0,0.0664895101892565,18.99
"48113",0,0,0,0,0.33639881548623,99.68
"48115",0,0,0,0,0.0763523522766774,28.95
"48117",0,0,0,0,0.0707509865231559,22.62
"48119",0,0,0,0,0.0698606884815046,21.89
"48121",0,0,0,0,0.254931324148697,97.01
"48123",0,0,0,0,0.0783986385109548,31.21
"48125",0,0,0,0,0.0741736391446736,26.22
"48127",0,0,0,0,0.0710338801094909,22.91
"48129",0,0,0,0,0.0692767298562635,21.32
"48131",0,0,0,0,0.0580350378583805,11.74
"48133",0,0,0,0,0.0967698398111217,47.66
"48135",0,0,0,0,0.174380926914439,85.33
"48137",0,0,0,0,0.0740365487806355,26.12
"48139",0,0,0,0,0.206687299420902,91.47
"48141",0,0,0,0,0.199411625488324,90.14
"48143",0,0,0,0,0.118228591377284,63.51
"48145",0,0,0,0,0.0813402248425251,34.08
"48147",0,0,0,0,0.105133162292403,54.02
"48149",0,0,0,0,0.140817981262612,74.39
"48151",0,0,0,0,0.0578730384597604,11.64
"48153",0,0,0,0,0.0600824002506016,13.11
"48155",0,0,0,0,0.0607378651100257,13.62
"48157",0,0,0,0,0.215952168287765,92.84
"48159",0,0,0,0,0.0607420587722667,13.65
"48161",0,0,0,0,0.0853195326821273,38.18
"48163",0,0,0,0,0.0629362547642496,15.43
"48165",0,0,0,0,0.10928488337429,57.68
"48167",0,0,0,0,0.171312905620513,84.54
"48169",0,0,0,0,0.0579197235485366,11.68
"48171",0,0,0,0,0.144608122132871,76.04
"48173",0,0,0,0,0.059112063958002,12.5
"48175",0,0,0,0,0.0712290575226395,23.04
"48177",0,0,0,0,0.0682120549387372,20.36
"48179",0,0,0,0,0.0922645603284592,43.59
"48181",0,0,0,0,0.187422702526986,88.26
"48183",0,0,0,0,0.208887928253517,91.79
"48185",0,0,0,0,0.119054540642995,64.24
"48187",0,0,0,0,0.180847061736541,86.73
"48189",0,0,0,0,0.104810775867976,53.77
"48191",0,0,0,0,0.0776297969962239,30.42
"48193",0,0,0,0,0.060205508000975,13.17
"48195",0,0,0,0,0.0630018578685922,15.49
"48197",0,0,0,0,0.0570241129209523,10.88
"48199",0,0,0,0,0.120618883197762,65.29
"48201",5.82113895677186e-06,0.172843986532371,1,0,0.350313457805886,99.81
"48203",0,0,0,0,0.143545017085695,75.53
"48205",0,0,0,0,0.0528961231432375,8.18
"48207",0,0,0,0,0.079832234255726,32.58
"48209",0,0,0,0,0.197418136311112,89.91
"48211",0,0,0,0,0.0611636461409254,14
"48213",0,0,0,0,0.149676252377771,77.82
"48215",0,0,0,0,0.175858896359359,85.75
"48217",0,0,0,0,0.123249139439922,66.69
"48219",0,0,0,0,0.075170262667316,27.49
"48221",0,0,0,0,0.170379872265993,84.28
"48223",0,0,0,0,0.132920612411681,70.57
"48225",0,0,0,0,0.141787090963185,74.74
"48227",0,0,0,0,0.115097223377407,61.28
"48229",0,0,0,0,0.05152917572487,7.1
"48231",0,0,0,0,0.146984581283411,76.96
"48233",0,0,0,0,0.0765210135465711,29.24
"48235",0,0,0,0,0.0435620141252708,3.63
"48237",0,0,0,0,0.0776414770516076,30.45
"48239",0,0,0,0,0.0659423156026098,18.42
"48241",0,0,0,0,0.101123236415672,50.43
"48243",0,0,0,0,0.0577317792342234,11.55
"48245",0,0,0,0,0.223433955891185,93.92
"48247",0,0,0,0,0.0508900782111444,6.75
"48249",0,0,0,0,0.0795096077183719,32.26
"48251",0,0,0,0,0.204447963067956,90.96
"48253",0,0,0,0,0.0834752839043375,36.27
"48255",0,0,0,0,0.0649414262808447,17.31
"48257",0,0,0,0,0.180298916453585,86.64
"48259",0,0,0,0,0.153616604832791,79.19
"48261",0,0,0,0,0.0125606707528275,0.03
"48263",0,0,0,0,0.0531960355641384,8.3
"48265",0,0,0,0,0.146059614229901,76.74
"48267",0,0,0,0,0.0801539419603999,32.8
"48269",0,0,0,0,0.030264560970339,0.83
"48271",0,0,0,0,0.0322658607009973,0.89
"48273",0,0,0,0,0.0842834136751225,37.23
"48275",0,0,0,0,0.0507404486104101,6.71
"48277",0,0,0,0,0.130160923028353,69.39
"48279",0,0,0,0,0.0683578283534643,20.52
"48281",0,0,0,0,0.0955000970985055,46.55
"48283",0,0,0,0,0.0520608730321114,7.54
"48285",0,0,0,0,0.0934838670695195,44.64
"48287",0,0,0,0,0.0821415756644224,34.87
"48289",0,0,0,0,0.0703074245188657,22.27
"48291",0,0,0,0,0.135738710261831,72
"48293",0,0,0,0,0.0701050055589595,22.08
"48295",0,0,0,0,0.0517579836581751,7.25
"48297",0,0,0,0,0.068693574538143,20.87
"48299",0,0,0,0,0.101038560862003,50.37
"48301",0,0,0,0,0.0214535271508345,0.16
"48303",0.00038237594507691,11.3536857979126,1,1,0.295590255010868,98.89
"48305",0,0,0,0,0.0624518832786239,15.14
"48307",0,0,0,0,0.0693215075265731,21.38
"48309",0,0,0,0,0.202771691439064,90.71
"48311",0,0,0,0,0.0543736782588197,9.35
"48313",0,0,0,0,0.0596109355712022,12.79
"48315",0,0,0,0,0.067211377324725,19.34
"48317",0,0,0,0,0.0662359140827709,18.71
"48319",0,0,0,0,0.0862438580389586,38.91
"48321",0,0,0,0,0.115873434116042,61.82
"48323",0,0,0,0,0.102653159310289,52.05
"48325",0,0,0,0,0.109977584333472,58.1
"48327",0,0,0,0,0.0656524781834977,18.07
"48329",0,0,0,0,0.136688040784502,72.51
"48331",0,0,0,0,0.100847388739594,50.21
"48333",0,0,0,0,0.0711942917120604,22.97
"48335",0,0,0,0,0.0519093520102157,7.41
"48337",0,0,0,0,0.110796786712653,58.67
"48339",0,0,0,0,0.243724497311009,96.18
"48341",0,0,0,0,0.0715636216671415,23.45
"48343",0,0,0,0,0.061141282663891,13.94
"48345",0,0,0,0,0.079875152467027,32.64
"48347",0,0,0,0,0.12053087157304,65.26
"48349",0,0,0,0,0.144039165999862,75.69
"48351",0,0,0,0,0.068000810120827,20.01
"48353",0,0,0,0,0.0842428348661829,37.19
"48355",0,0,0,0,0.209400178390738,91.92
"48357",0,0,0,0,0.064932278993301,17.28
"48359",0,0,0,0,0.043518184456675,3.6
"48361",0,0,0,0,0.145296210679511,76.36
"48363",0,0,0,0,0.11966175663161,64.72
"48365",0,0,0,0,0.0942071921053164,45.28
"48367",0,0,0,0,0.21701499059826,92.97
"48369",0,0,0,0,0.0521573693794067,7.67
"48371",0,0,0,0,0.0938326798303586,44.99
"48373",0,0,0,0,0.105880332999295,54.85
"48375",0,0,0,0,0.19522375045901,89.56
"48377",0,0,0,0,0.065945232312866,18.45
"48379",0,0,0,0,0.0858821493876975,38.4
"48381",0,0,0,0,0.185505606132297,87.85
"48383",0,0,0,0,0.0524058972357677,7.92
"48385",0,0,0,0,0.0542667580155371,9.29
"48387",0,0,0,0,0.0777117656534605,30.54
"48389",0,0,0,0,0.0774840328050653,30.29
"48391",0,0,0,0,0.062395727050891,15.05
"48393",0,0,0,0,0.0630790676104538,15.59
"48395",0,0,0,0,0.0783293512968966,31.12
"48397",0,0,0,0,0.185888313365885,87.94
"48399",0.00590128755364807,175.223796240048,1,1,0.128750733193194,69.01
"48401",0,0,0,0,0.12133793964,65.61
"48403",0,0,0,0,0.0738495869618261,25.99
"48405",0,0,0,0,0.0496464714269422,6.01
"48407",0,0,0,0,0.104844584282082,53.8
"48409",0,0,0,0,0.124258611890517,67.26
"48411",0,0,0,0,0.0688427094843845,21.03
"48413",0,0,0,0,0.0608946825106706,13.74
"48415",0,0,0,0,0.0751373109919297,27.43
"48417",0,0,0,0,0.0562218936613242,10.34
"48419",0,0,0,0,0.0882723734832564,40.76
"48421",0,0,0,0,0.0364737486368344,1.59
"48423",0,0,0,0,0.204848892706728,91.12
"48425",0,0,0,0,0.072032357078914,23.86
"48427",0,0,0,0,0.0990277978132974,49.19
"48429",0,0,0,0,0.06798300749572,19.92
"48431",0,0,0,0,0.0401520235921252,2.26
"48433",0,0,0,0,0.0727392730926627,24.75
"48435",0,0,0,0,0.0523587638160631,7.83
"48437",0,0,0,0,0.0656928645779058,18.14
"48439",0,0,0,0,0.317400880837246,99.36
"48441",0,0,0,0,0.168395770818641,83.71
"48443",0,0,0,0,0.0474184846192568,5.03
"48445",0,0,0,0,0.0813747508040381,34.14
"48447",0,0,0,0,0.0545733072875302,9.55
"48449",0,0,0,0,0.0994082980956457,49.48
"48451",0,0,0,0,0.170674325530802,84.41
"48453",0,0,0,0,0.267366997895049,97.74
"48455",0,0,0,0,0.0832825029604315,36.11
"48457",0,0,0,0,0.0751477047669192,27.46
"48459",0,0,0,0,0.0988666401531336,49.13
"48461",0,0,0,0,0.036651811599538,1.62
"48463",0,0,0,0,0.117165547577538,62.74
"48465",0,0,0,0,0.0991840825000426,49.32
"48467",0,0,0,0,0.151980876479777,78.68
"48469",0,0,0,0,0.190514738286926,88.86
"48471",0,0,0,0,0.0826624484201194,35.38
"48473",0,0,0,0,0.132571264853784,70.51
"48475",0,0,0,0,0.0727155169911725,24.72
"48477",0,0,0,0,0.127733514016429,68.63
"48479",0,0,0,0,0.149522540135714,77.73
"48481",0,0,0,0,0.121061383861975,65.51
"48483",0,0,0,0,0.0658034006458118,18.23
"48485",0,0,0,0,0.150246306435872,78.17
"48487",0,0,0,0,0.0683842431750295,20.55
"48489",0,0,0,0,0.0694073786696027,21.44
"48491",0,0,0,0,0.212208764291291,92.3
"48493",0,0,0,0,0.127180184126626,68.31
"48495",0,0,0,0,0.0561826326882884,10.31
"48497",0,0,0,0,0.157822874130804,80.59
"48499",0,0,0,0,0.152209890224619,78.75
"48501",0,0,0,0,0.0670665397575258,19.28
"48503",0,0,0,0,0.0944345788728503,45.43
"48505",0,0,0,0,0.0727121626036676,24.69
"48507",0,0,0,0,0.0568421331506969,10.72
"49001",0,0,0,0,0.0678629981110915,19.63
"49003",0,0,0,0,0.11460772164658,60.99
"49005",0,0,0,0,0.189047890189548,88.67
"49007",0,0,0,0,0.0937700221386925,44.86
"49009",0,0,0,0,0.0558230754148227,9.99
"49011",0,0,0,0,0.23311737371902,95.1
"49013",0,0,0,0,0.100228987780899,49.86
"49015",0,0,0,0,0.0558907679597681,10.05
"49017",0,0,0,0,0.0512574604528405,6.87
"49019",0,0,0,0,0.0848977437927551,37.83
"49021",0,0,0,0,0.16222147224738,81.86
"49023",0,0,0,0,0.0841023270832902,36.97
"49025",0,0,0,0,0.0747167835289868,27.04
"49027",0,0,0,0,0.0807086691512601,33.5
"49029",0,0,0,0,0.105677522434567,54.57
"49031",0,0,0,0,0.0317995375171567,0.86
"49033",0,0,0,0,0.0735086400452927,25.71
"49035",0,0,0,0,0.35136504385725,99.87
"49037",0,0,0,0,0.0678649636122834,19.66
"49039",0,0,0,0,0.113795984710235,60.64
"49041",0,0,0,0,0.112107658358078,59.43
"49043",0,0,0,0,0.139449668832212,73.85
"49045",0,0,0,0,0.145576507958771,76.58
"49047",0,0,0,0,0.126266417954073,67.93
"49049",0,0,0,0,0.273544274209546,98.03
"49051",0,0,0,0,0.173383120316607,85.11
"49053",0,0,0,0,0.219210177267515,93.25
"49055",0,0,0,0,0.0612813417730308,14.13
"49057",0,0,0,0,0.207732131879272,91.7
"50001",0,0,0,0,0.136597999451968,72.45
"50003",0,0,0,0,0.148080153888675,77.38
"50005",0,0,0,0,0.149829384181838,77.98
"50007",0,0,0,0,0.221951785266567,93.7
"50009",0,0,0,0,0.0682164248274474,20.39
"50011",0,0,0,0,0.121783232567904,65.99
"50013",0,0,0,0,0.108820379938977,57.46
"50015",0,0,0,0,0.129381783559887,69.2
"50017",0,0,0,0,0.118904150316077,64.14
"50019",0,0,0,0,0.13174892202051,70.12
"50021",0,0,0,0,0.183184459647806,87.31
"50023",0,0,0,0,0.154651181703008,79.54
"50025",0,0,0,0,0.164705166211267,82.76
"50027",0,0,0,0,0.164220723490773,82.6
"51001",0,0,0,0,0.093999028028737,45.15
"51003",0,0,0,0,0.122750751587245,66.47
"51005",0,0,0,0,0.0897333606043834,41.52
"51007",0,0,0,0,0.0928484008872379,44.07
"51009",0,0,0,0,0.0913145034707235,42.73
"51011",0,0,0,0,0.0813602272372719,34.11
"51013",0,0,0,0,0.089009916969713,41.04
"51015",0,0,0,0,0.13716318835154,72.73
"51017",0,0,0,0,0.0630262590365854,15.53
"51019",0,0,0,0,0.172709262321409,84.82
"51021",0,0,0,0,0.0540053409331403,8.97
"51023",0,0,0,0,0.123662893611284,67.01
"51025",0,0,0,0,0.068339479007609,20.49
"51027",0,0,0,0,0.0677955752395538,19.57
"51029",0,0,0,0,0.0746382364682788,26.85
"51031",0,0,0,0,0.127890867307076,68.69
"51033",0,0,0,0,0.0868346660557845,39.55
"51035",0,0,0,0,0.104489742629197,53.52
"51036",0,0,0,0,0.0760264476707595,28.67
"51037",0,0,0,0,0.0806830761001907,33.44
"51041",0,0,0,0,0.206138159789175,91.38
"51043",0,0,0,0,0.0955848569114592,46.68
"51045",0,0,0,0,0.0727826876624542,24.82
"51047",0,0,0,0,0.126463397305317,68.02
"51049",0,0,0,0,0.0750346796641365,27.27
"51051",0,0,0,0,0.0538792085825208,8.81
"51053",0,0,0,0,0.0662508763532181,18.74
"51057",0,0,0,0,0.0949439257790417,46.01
"51059",0,0,0,0,0.135991933405094,72.16
"51061",0,0,0,0,0.165462591450384,83.01
"51063",0,0,0,0,0.0962497872881448,47.22
"51065",0,0,0,0,0.0958701245066999,46.87
"51067",0,0,0,0,0.142977935774465,75.31
"51069",0,0,0,0,0.156675430966239,80.21
"51071",0,0,0,0,0.0658876251732557,18.36
"51073",0,0,0,0,0.144563597701695,76.01
"51075",0,0,0,0,0.0696775951221878,21.64
"51077",0,0,0,0,0.066340530034661,18.87
"51079",0,0,0,0,0.0921996563574929,43.49
"51081",0,0,0,0,0.0521035772711529,7.64
"51083",0,0,0,0,0.10704608335219,55.87
"51085",0,0,0,0,0.196368934436568,89.82
"51087",0,0,0,0,0.244902636458133,96.25
"51089",0,0,0,0,0.115583775864252,61.63
"51091",0,0,0,0,0.0617287579079967,14.57
"51093",0,0,0,0,0.114996041099139,61.18
"51095",0,0,0,0,0.138447664814538,73.31
"51097",0,0,0,0,0.0930402980560947,44.29
"51099",0,0,0,0,0.0472282163222419,4.93
"51101",0,0,0,0,0.0970185761367501,47.82
"51103",0,0,0,0,0.108138269801417,56.67
"51105",0,0,0,0,0.0657498936865969,18.2
"51107",0,0,0,0,0.183600744541464,87.46
"51109",0,0,0,0,0.0993488519855001,49.41
"51111",0,0,0,0,0.0768151722143487,29.59
"51113",0,0,0,0,0.0941854316719147,45.24
"51115",0,0,0,0,0.0648624675110797,17.12
"51117",0,0,0,0,0.115111278504604,61.31
"51119",0,0,0,0,0.09096165209327,42.48
"51121",0,0,0,0,0.11444034371767,60.87
"51125",0,0,0,0,0.0831953094363045,35.92
"51127",0,0,0,0,0.0968115532175929,47.69
"51131",0,0,0,0,0.0643014312792843,16.45
"51133",0,0,0,0,0.0863828923147369,39.13
"51135",0,0,0,0,0.060005050388702,13.04
"51137",0,0,0,0,0.102313862194763,51.64
"51139",0,0,0,0,0.0834993344968171,36.3
"51141",0,0,0,0,0.0805181373684252,33.22
"51143",0,0,0,0,0.11783902119163,63.22
"51145",0,0,0,0,0.116146824970583,62.14
"51147",0,0,0,0,0.0882959689178542,40.79
"51149",0,0,0,0,0.0666577096620819,19.06
"51153",0,0,0,0,0.181673610025329,86.86
"51155",0,0,0,0,0.081733440420693,34.49
"51157",0,0,0,0,0.0684788695240068,20.62
"51159",0,0,0,0,0.0837076576545685,36.56
"51161",0,0,0,0,0.17552612943417,85.68
"51163",0,0,0,0,0.107472279756309,56.19
"51165",0,0,0,0,0.134844454083109,71.59
"51167",0,0,0,0,0.0735274695914347,25.74
"51169",0,0,0,0,0.0586149831259516,12.19
"51171",0,0,0,0,0.106807892652807,55.52
"51173",0,0,0,0,0.0686310249483102,20.84
"51175",0,0,0,0,0.0773024686084881,30.03
"51177",0,0,0,0,0.195479441592252,89.6
"51179",0,0,0,0,0.145235144752994,76.33
"51181",0,0,0,0,0.0540441698703136,9.04
"51183",0,0,0,0,0.083162227471044,35.83
"51185",0,0,0,0,0.109552963794391,57.78
"51187",0,0,0,0,0.119420429126276,64.4
"51191",0,0,0,0,0.124081317908744,67.17
"51193",0,0,0,0,0.0790400875856636,31.85
"51195",0,0,0,0,0.0746519378863424,26.89
"51197",0,0,0,0,0.100322246393819,49.95
"51199",0,0,0,0,0.124630735876346,67.45
"51510",0,0,0,0,0.150022453357286,78.05
"51520",0,0,0,0,0.091651901801531,43.11
"51530",0,0,0,0,0.057148680353804,11.07
"51540",0,0,0,0,0.130380195955421,69.58
"51550",3.46290364470609e-05,1.02822158236264,1,1,0.292212148096149,98.73
"51570",0,0,0,0,0.101348882351084,50.56
"51580",0,0,0,0,0.0684824597008867,20.65
"51590",0,0,0,0,0.122608630298903,66.4
"51595",0,0,0,0,0.0651286222017206,17.56
"51600",0,0,0,0,0.106335907238382,55.11
"51610",0,0,0,0,0.085433091429671,38.24
"51620",0,0,0,0,0.0758970418824971,28.51
"51630",0,0,0,0,0.119900517222239,64.87
"51640",0,0,0,0,0.08080585104438,33.63
"51650",0,0,0,0,0.123664920590446,67.04
"51660",0,0,0,0,0.131529035797907,69.93
"51670",0,0,0,0,0.0879475959909098,40.44
"51678",0,0,0,0,0.0505901462621403,6.65
"51680",0,0,0,0,0.123367203726185,66.72
"51683",0,0,0,0,0.119568000094791,64.59
"51685",0,0,0,0,0.0862352502258239,38.88
"51690",0,0,0,0,0.0697249453466773,21.73
"51700",0,0,0,0,0.0976665465728839,48.43
"51710",0,0,0,0,0.14607278619632,76.77
"51720",0,0,0,0,0.0754906559432824,28
"51730",0,0,0,0,0.108513933313047,57.14
"51735",0,0,0,0,0.0670041921607002,19.19
"51740",0,0,0,0,0.0925024194905414,43.84
"51750",0,0,0,0,0.0612951435904621,14.16
"51760",0,0,0,0,0.162267927694927,81.96
"51770",0,0,0,0,0.162848320186687,82.12
"51775",0,0,0,0,0.116596219172452,62.33
"51790",0,0,0,0,0.102973866414458,52.37
"51800",0,0,0,0,0.133934384607247,71.24
"51810",0,0,0,0,0.17590566846813,85.78
"51820",0,0,0,0,0.107958767275028,56.54
"51830",0,0,0,0,0.062887319928699,15.37
"51840",0,0,0,0,0.0919300429400846,43.33
"53001",0,0,0,0,0.0691051060244147,21.22
"53003",0,0,0,0,0.1115330980824,59.08
"53005",0,0,0,0,0.151141223562773,78.43
"53007",0,0,0,0,0.141164052584626,74.55
"53009",0,0,0,0,0.139002490420701,73.56
"53011",0,0,0,0,0.247519404507864,96.53
"53013",0,0,0,0,0.0546861550285243,9.61
"53015",0,0,0,0,0.171711581291126,84.63
"53017",0,0,0,0,0.108054183023561,56.6
"53019",0,0,0,0,0.0656568767553538,18.1
"53021",0,0,0,0,0.160660922887868,81.39
"53023",0,0,0,0,0.0469045801731374,4.77
"53025",0,0,0,0,0.127304927244503,68.47
"53027",0,0,0,0,0.122601738319463,66.37
"53029",0,0,0,0,0.146804492140326,76.9
"53031",0,0,0,0,0.146434670686979,76.87
"53033",1.25003125078127e-06,0.0371165138436926,1,0,0.262411575064622,97.49
"53035",0,0,0,0,0.140149782205199,74.1
"53037",0,0,0,0,0.117640153723717,63.06
"53039",0,0,0,0,0.10170193451701,50.87
"53041",0,0,0,0,0.170486813182253,84.35
"53043",0,0,0,0,0.0670017286914665,19.15
"53045",0,0,0,0,0.112860579023786,59.94
"53047",0,0,0,0,0.0961615738200274,47.12
"53049",0,0,0,0,0.101594219429564,50.72
"53051",0,0,0,0,0.0712262934324928,23
"53053",0,0,0,0,0.231644222547859,94.94
"53055",0,0,0,0,0.17018765259431,84.22
"53057",0,0,0,0,0.204930133441334,91.15
"53059",0,0,0,0,0.077553610259422,30.32
"53061",0,0,0,0,0.242138700974966,96.02
"53063",7.16332378223496e-06,0.212696767512015,1,0,0.264186325218603,97.65
"53065",0,0,0,0,0.127870862064237,68.66
"53067",0,0,0,0,0.161066840143597,81.48
"53069",0,0,0,0,0.0723213371460401,24.24
"53071",0,0,0,0,0.106604110592335,55.39
"53073",0,0,0,0,0.258085095942113,97.26
"53075",0,0,0,0,0.0897995884181999,41.62
"53077",0,0,0,0,0.141613008113617,74.64
"54001",0,0,0,0,0.0584959294071282,12.06
"54003",0,0,0,0,0.150167847384471,78.11
"54005",0,0,0,0,0.0727680739226302,24.79
"54007",0,0,0,0,0.0754247387796875,27.94
"54009",0,0,0,0,0.0881907796692046,40.73
"54011",0,0,0,0,0.161081062116042,81.51
"54013",0,0,0,0,0.0460950683336554,4.52
"54015",0,0,0,0,0.0456989687625099,4.36
"54017",0,0,0,0,0.0412367352594943,2.67
"54019",0,0,0,0,0.112718824748951,59.88
"54021",0,0,0,0,0.0484951686659605,5.41
"54023",0,0,0,0,0.0881197663835863,40.69
"54025",0,0,0,0,0.107269359452999,56.06
"54027",0,0,0,0,0.101933175086511,51.19
"54029",0,0,0,0,0.106642770138812,55.46
"54031",0,0,0,0,0.0716373362503547,23.48
"54033",0,0,0,0,0.126052215161292,67.8
"54035",0,0,0,0,0.105240270457449,54.18
"54037",0,0,0,0,0.123709778828273,67.1
"54039",0,0,0,0,0.184341373102086,87.59
"54041",0,0,0,0,0.0912125215601017,42.63
"54043",0,0,0,0,0.0737147052173185,25.84
"54045",0,0,0,0,0.08448339488723,37.54
"54047",0,0,0,0,0.0542910117960294,9.32
"54049",0,0,0,0,0.132781756602313,70.54
"54051",0,0,0,0,0.0828000626725418,35.57
"54053",0,0,0,0,0.0764027742077181,29.02
"54055",0,0,0,0,0.131804296574434,70.19
"54057",0,0,0,0,0.0840673246978225,36.94
"54059",0,0,0,0,0.0704539221885575,22.4
"54061",0,0,0,0,0.118426733915516,63.76
"54063",0,0,0,0,0.0830301086325226,35.73
"54065",0,0,0,0,0.0924778671163248,43.78
"54067",0,0,0,0,0.0985506533933913,49.06
"54069",0,0,0,0,0.142220932921816,75.06
"54071",0,0,0,0,0.0759640557701582,28.57
"54073",0,0,0,0,0.0612090467180507,14.03
"54075",0,0,0,0,0.0588174997382276,12.31
"54077",0,0,0,0,0.101628678537112,50.78
"54079",0,0,0,0,0.15991686596881,81.16
"54081",0,0,0,0,0.138847728805348,73.46
"54083",0,0,0,0,0.103988039832897,53.17
"54085",0,0,0,0,0.062410445708832,15.08
"54087",0,0,0,0,0.0779628587853582,30.67
"54089",0,0,0,0,0.0719187896796783,23.83
"54091",0,0,0,0,0.075510813672906,28.06
"54093",0,0,0,0,0.058691484201379,12.25
"54095",0,0,0,0,0.0490488051242978,5.82
"54097",0,0,0,0,0.0902154539464115,41.87
"54099",0,0,0,0,0.0872989149268187,39.96
"54101",0,0,0,0,0.0499924743315022,6.2
"54103",0,0,0,0,0.0734355799440605,25.64
"54105",0,0,0,0,0.047799479102727,5.15
"54107",0,0,0,0,0.160274544754372,81.29
"54109",0,0,0,0,0.06797021963829,19.89
"55001",0,0,0,0,0.0793486902927527,32.13
"55003",0,0,0,0,0.0923235244706726,43.68
"55005",0,0,0,0,0.133602732348197,71.08
"55007",0,0,0,0,0.0860382522235256,38.63
"55009",0,0,0,0,0.227106123534945,94.43
"55011",0,0,0,0,0.0835587780660669,36.43
"55013",0,0,0,0,0.0849771232334828,37.89
"55015",0,0,0,0,0.108716970141248,57.37
"55017",0,0,0,0,0.1717326535968,84.66
"55019",0,0,0,0,0.116204955556564,62.17
"55021",0,0,0,0,0.157434126405316,80.43
"55023",0,0,0,0,0.0751085716905256,27.36
"55025",0.000108060564176666,3.20858492434786,1,1,0.323042645449862,99.55
"55027",0,0,0,0,0.127144216474754,68.28
"55029",0,0,0,0,0.141701360477708,74.71
"55031",0,0,0,0,0.137271792806929,72.76
"55033",0,0,0,0,0.109669772525197,57.84
"55035",0,0,0,0,0.184099597358219,87.56
"55037",0,0,0,0,0.0651298022654343,17.59
"55039",0,0,0,0,0.178370760376101,86.16
"55041",0,0,0,0,0.0652391434223948,17.75
"55043",0,0,0,0,0.116964789588784,62.55
"55045",0,0,0,0,0.1087641236403,57.43
"55047",0,0,0,0,0.108237596188116,56.73
"55049",0,0,0,0,0.0921207882293359,43.43
"55051",0,0,0,0,0.0744349731749891,26.6
"55053",0,0,0,0,0.0635544734058806,15.84
"55055",0,0,0,0,0.170392665388483,84.31
"55057",0,0,0,0,0.0945450828786803,45.53
"55059",0,0,0,0,0.183779403773451,87.53
"55061",0,0,0,0,0.0768456224804325,29.62
"55063",0,0,0,0,0.171762187376828,84.7
"55065",0,0,0,0,0.0831662239514086,35.86
"55067",0,0,0,0,0.102941478280429,52.31
"55069",0,0,0,0,0.0984828050817466,48.97
"55071",0,0,0,0,0.16432611324266,82.66
"55073",0,0,0,0,0.203636006594849,90.87
"55075",0,0,0,0,0.104361043040839,53.39
"55077",0,0,0,0,0.0700645238751937,22.02
"55078",0,0,0,0,0.05743634024133,11.26
"55079",0,0,0,0,0.271918467261372,97.96
"55081",0,0,0,0,0.102054765786321,51.35
"55083",0,0,0,0,0.0981562996245442,48.58
"55085",0,0,0,0,0.137080788593057,72.7
"55087",0,0,0,0,0.236884956668079,95.48
"55089",0,0,0,0,0.188740587543131,88.55
"55091",0,0,0,0,0.0729342772349488,24.98
"55093",0,0,0,0,0.128940870719933,69.07
"55095",0,0,0,0,0.130805711059749,69.74
"55097",0,0,0,0,0.162245622938469,81.93
"55099",0,0,0,0,0.0653955261526429,17.88
"55101",0,0,0,0,0.221841172348368,93.67
"55103",0,0,0,0,0.0785177501673192,31.34
"55105",0,0,0,0,0.201794202113779,90.52
"55107",0,0,0,0,0.0861405217527576,38.78
"55109",0,0,0,0,0.201243874078994,90.39
"55111",0,0,0,0,0.139197022595699,73.69
"55113",0,0,0,0,0.102589447047766,51.96
"55115",0,0,0,0,0.121514437235464,65.8
"55117",0,0,0,0,0.153985023431612,79.35
"55119",0,0,0,0,0.0859025282728,38.5
"55121",0,0,0,0,0.0981802111631671,48.62
"55123",0,0,0,0,0.11963352242547,64.62
"55125",0,0,0,0,0.121091764189901,65.54
"55127",0,0,0,0,0.193610609912789,89.28
"55129",0,0,0,0,0.10270014826445,52.15
"55131",0,0,0,0,0.204467245348382,91
"55133",0,0,0,0,0.317196264685806,99.33
"55135",0,0,0,0,0.110387973808775,58.48
"55137",0,0,0,0,0.0924711734268604,43.75
"55139",0,0,0,0,0.167342138549369,83.52
"55141",0,0,0,0,0.142420940006851,75.18
"56001",0,0,0,0,0.0982141732083608,48.65
"56003",0,0,0,0,0.0905313983409089,42.25
"56005",0,0,0,0,0.124360345067896,67.32
"56007",0,0,0,0,0.0810620311473588,33.82
"56009",0,0,0,0,0.0899364714606919,41.71
"56011",0,0,0,0,0.078121393262676,30.86
"56013",0,0,0,0,0.137516324706785,72.86
"56015",0,0,0,0,0.100093357916851,49.73
"56017",0,0,0,0,0.0708558431675667,22.75
"56019",0,0,0,0,0.11293340260255,60.04
"56021",0,0,0,0,0.15974232529949,81.13
"56023",0,0,0,0,0.109998963158754,58.13
"56025",0,0,0,0,0.224178573120329,94.05
"56027",0,0,0,0,0.0538744798334023,8.78
"56029",0,0,0,0,0.155364861573232,79.8
"56031",0,0,0,0,0.0805653152799175,33.28
"56033",0,0,0,0,0.17411138615232,85.3
"56035",0,0,0,0,0.0936995543771651,44.77
"56037",0.0125302067484113,372.052772241548,1,1,0.182840757526886,87.21
"56039",0,0,0,0,0.137748029527775,72.96
"56041",0,0,0,0,0.110987394219927,58.73
"56043",0,0,0,0,0.102761913005584,52.27
"56045",0,0,0,0,0.0785310918119079,31.43
