"county_geoid","industry_employment_share","location_quotient","industry_present","industry_comparative_advantage","industry_feasibility","industry_feasibility_percentile_score"
"01001",0.00508769580934529,0.735226780153228,1,0,0.135083728990383,70.82
"01003",0.00206266083247389,0.298076681318553,1,0,0.232647742837137,91.6
"01005",0.000911369332421964,0.131702673453118,1,0,0.0640201323263567,19.57
"01007",0.001078360891445,0.155834750301689,1,0,0.0677247648774984,23
"01009",0.00294959659928863,0.42624844167422,1,0,0.127472301665242,68.06
"01011",0.00564015792442188,0.815063499415867,1,0,0.066890083211432,21.95
"01013",0.00578871201157742,0.836531163221032,1,0,0.0740554729828693,29.69
"01015",0.00118968402798782,0.171922141196128,1,0,0.143414916327803,74.01
"01017",0.000571156592099,0.0825382723159067,1,0,0.0937927684857297,47.44
"01019",0.00256952841596131,0.371324500240231,1,0,0.0898713105818243,44.32
"01021",0.000715371546096754,0.10337888469744,1,0,0.117056405266002,62.68
"01023",0,0,0,0,0.0547551994113863,11.39
"01025",0.000211685012701101,0.0305907617371789,1,0,0.0767239589154011,32.33
"01027",0,0,0,0,0.0456482911525789,5.79
"01029",0.00118273211117682,0.170917514425113,1,0,0.0620656668794357,17.85
"01031",0.0011159015977682,0.161259786245069,1,0,0.132092976964379,69.87
"01033",0.00087431693989071,0.126348204106171,1,0,0.134617865786262,70.66
"01035",0.000260688216892596,0.0376722519411974,1,0,0.0585503781636119,14.64
"01037",0,0,0,0,0.0627049075628543,18.17
"01039",7.25215751686127e-05,0.0104801478313462,1,0,0.105124179988356,55.46
"01041",0,0,0,0,0.0673608613550901,22.56
"01043",0.000499722376457524,0.0722152596345308,1,0,0.148289455644571,75.6
"01045",0.00788139564606143,1.13894646242875,1,1,0.0907177686728355,44.61
"01047",0.000752841978468719,0.108793765298828,1,0,0.109513204647363,58.13
"01049",0.000405141615410114,0.0585473221211287,1,0,0.10557442562812,55.74
"01051",0.003888425981034,0.56191938768204,1,0,0.126639340582148,67.77
"01053",0.00137466492542443,0.198653870982794,1,0,0.0924417062684373,46.04
"01055",0.00049832144355854,0.072012809758766,1,0,0.140464709154557,72.99
"01057",0.000216637781629116,0.0313064901313764,1,0,0.0720797066270812,27.24
"01059",0.000163786749651953,0.0236689474156798,1,0,0.0705986799916058,25.52
"01061",0.00148214021046391,0.214185205938096,1,0,0.0863830125287281,40.92
"01063",0,0,0,0,0.0533798311874344,10.37
"01065",0,0,0,0,0.0758816910228818,31.53
"01067",0.00188363331938049,0.272205279618648,1,0,0.085035364547938,39.96
"01069",0.00250675234346038,0.362252682390833,1,0,0.192004616611966,85.84
"01071",0.00222742589525387,0.321887005506362,1,0,0.112108214436228,59.72
"01073",0.00321479867745014,0.46457299513091,1,0,0.260925832730598,94.65
"01075",0.00025490695895998,0.0368367979725805,1,0,0.0693728994294838,24.63
"01077",0.00222518914107699,0.321563770463803,1,0,0.157930449297186,78.49
"01079",0.000671772134891845,0.0970783007164001,1,0,0.0894019389226141,43.97
"01081",0.00110274789387975,0.159358934519769,1,0,0.161722296350526,79.54
"01083",0.00133818108367419,0.193381563340427,1,0,0.120255127025687,64.62
"01085",0,0,0,0,0.0508788116942526,8.62
"01087",0.000567295419089491,0.0819802912758095,1,0,0.0485053682619133,7.19
"01089",0.037356037225297,5.39834927198087,1,1,0.194065540964489,86.35
"01091",0.000123167877817465,0.0177990834396395,1,0,0.0788490309068394,34.43
"01093",0.00138504155124654,0.200153405050462,1,0,0.0710707782448555,26.03
"01095",0.000848397833322456,0.122602614357739,1,0,0.125820140567275,67.32
"01097",0.00602304425714956,0.870394693757117,1,0,0.241715925214892,92.71
"01099",0.000290697674418605,0.0420089414088469,1,0,0.0849634416067103,39.93
"01101",0.00617521410783341,0.892384874292121,1,0,0.197861412314462,87.21
"01103",0.00307962287523226,0.4450386374288,1,0,0.162353968995193,79.76
"01105",0,0,0,0,0.0513908243869351,8.94
"01107",0,0,0,0,0.069136076101063,24.4
"01109",0.0377765173000567,5.459113166496,1,1,0.0793914486699825,35.09
"01111",0.000840336134453782,0.12143761213986,1,0,0.0839421629064715,38.63
"01113",0.000485997205516068,0.0702318247719741,1,0,0.10553806215897,55.71
"01115",0.00204830917874396,0.296002712953081,1,0,0.164577903685321,80.59
"01117",0.0111902647723603,1.6171136494702,1,1,0.287241265451581,96.37
"01119",0.000548696844993141,0.0792925972271239,1,0,0.0642595977331819,19.69
"01121",0.000457901665617309,0.0661717169922423,1,0,0.0993693081555843,51.32
"01123",0.0033415758871884,0.482893665863908,1,0,0.0933923758789741,47.15
"01125",0.00119791070280364,0.173110984213254,1,0,0.138845860405337,72.32
"01127",0.000463284688441047,0.0669496217032352,1,0,0.120577933762896,64.84
"01129",0.000170299727520436,0.0246101427871991,1,0,0.0470240825788463,6.49
"01131",0,0,0,0,0.0772057422872069,32.64
"01133",0.00330833700926334,0.47809029040505,1,0,0.0737107523087782,29.11
"02013",0,0,0,0,0.027057790135579,0.48
"02016",0,0,0,0,0.0408068954051372,3.4
"02020",0.00238720181705459,0.344976345147262,1,0,0.237655285916415,92.17
"02050",0.000857755539671194,0.123954903599514,1,0,0.054530840357604,11.26
"02060",0,0,0,0,0.0452375573208486,5.6
"02063",0.000984736582964057,0.142305030474085,1,0,0.0978929269747514,50.27
"02066",0.00131061598951507,0.189398110676846,1,0,0.0856510350818045,40.47
"02068",0,0,0,0,0.0521151380407357,9.42
"02070",0.000413907284768212,0.0598140556483581,1,0,0.0436038675109576,4.61
"02090",0.0010814297639827,0.156278235399687,1,0,0.144610119827672,74.45
"02100",0.000800640512409928,0.1157011676913,1,0,0.0857336926691698,40.57
"02105",0.0016849199663016,0.243489062251783,1,0,0.0600333976743219,16.07
"02110",0.00118057694281901,0.170606069411147,1,0,0.148104840848965,75.5
"02122",0.000613238281399716,0.0886195291534603,1,0,0.167659179397177,81.36
"02130",0.000731975112846163,0.105778278721313,1,0,0.0999016174363158,51.8
"02150",0.000425350914504466,0.0614677832609244,1,0,0.0909692833141822,44.8
"02158",0,0,0,0,0.0257547675663274,0.25
"02164",0,0,0,0,0.0328398354719131,1.18
"02170",0.00199578355586788,0.288412195353388,1,0,0.175169494201647,82.82
"02180",0.000238492725971858,0.0344647647141505,1,0,0.0542538148944687,10.98
"02185",0,0,0,0,0.0454532697252598,5.73
"02188",0.000932835820895522,0.134804811983613,1,0,0.0320976725820511,1.02
"02195",0,0,0,0,0.072533791821848,27.65
"02198",0.000413393964448119,0.0597398753395755,1,0,0.0584389139303004,14.51
"02220",0.00035880875493362,0.0518517253126779,1,0,0.117549013296558,63.06
"02230",0,0,0,0,0.0670644822927036,22.24
"02240",0.00423250564334086,0.611642600647996,1,0,0.0871363338040363,42.13
"02275",0,0,0,0,0.0531528535509183,10.24
"02282",0,0,0,0,0.0554994820849204,11.99
"02290",0,0,0,0,0.0592284337137679,15.21
"04001",0.000375899473740737,0.054321518049889,1,0,0.0598914208777598,15.88
"04003",0.0115412302905046,1.66783194268577,1,1,0.167184990209303,81.13
"04005",0.000797922696167266,0.115308414004755,1,0,0.166339326346957,80.94
"04007",0.00132633324122686,0.191669422642409,1,0,0.0843668073398047,39.13
"04009",0.000246264981119685,0.0355879392004022,1,0,0.0922224342491138,45.91
"04011",0.000163212012404113,0.023585891700087,1,0,0.021295430375843,0.16
"04012",0.000428939090649128,0.0619863133170288,1,0,0.0647679073460275,20.17
"04013",0.0054980788611741,0.794531546226571,1,0,0.38418976942122,99.49
"04015",0.000604801190993115,0.0874002788197211,1,0,0.192459704723199,86.03
"04017",0.000975996584011956,0.141042006596696,1,0,0.127573498557014,68.12
"04019",0.00471457186890692,0.681306356525957,1,0,0.229948461444752,91.35
"04021",0.00145837641348236,0.210751081612725,1,0,0.161185768545761,79.41
"04023",0.0010203469179521,0.147451106991739,1,0,0.114741733641757,61.41
"04025",0.00309759194863457,0.447635361854746,1,0,0.219190178042605,90.36
"04027",0.00163594333471638,0.236411412075251,1,0,0.133132943924746,70.31
"05001",0,0,0,0,0.0698817653802817,24.88
"05003",0.00135358700556475,0.195607884797398,1,0,0.0716156711495441,26.57
"05005",0.000439971401858879,0.0635806009773671,1,0,0.136350895940468,71.62
"05007",0.00403682370895486,0.58336445589561,1,0,0.211724126986676,89.41
"05009",0.00048661800486618,0.0703215369569018,1,0,0.128404413255807,68.53
"05011",0,0,0,0,0.0599654492701599,15.94
"05013",0.000877449546651068,0.126800899485025,1,0,0.0308348716504657,0.86
"05015",0.000771664480283973,0.11151381931201,1,0,0.0948353160903387,48.14
"05017",0.000281056773468241,0.0406157275004028,1,0,0.0603061041745845,16.23
"05019",0.000305312436393242,0.0441209317463159,1,0,0.0757364868954203,31.24
"05021",0.000986923266716013,0.142621029801563,1,0,0.0793735516320736,35.03
"05023",0.00076103500761035,0.109977746154059,1,0,0.106154843841901,56.06
"05025",0,0,0,0,0.0445530118583727,5.22
"05027",0.000321508948665738,0.0464615020190011,1,0,0.0782560823331052,33.76
"05029",0.000506393214330928,0.0731792674750896,1,0,0.0881347170076566,43.08
"05031",0.0023600536669738,0.341053145388669,1,0,0.166841348803578,81.04
"05033",0.00144235103218246,0.208435241606683,1,0,0.125758523245918,67.29
"05035",0.000472292191435768,0.0682513027927109,1,0,0.117613109490706,63.09
"05037",0.00204255319148936,0.29517091086931,1,0,0.0670212747896104,22.18
"05039",0,0,0,0,0.0529483414740467,10.18
"05041",0,0,0,0,0.0547547280504325,11.36
"05043",0.000268276324614353,0.0387688151432416,1,0,0.0810979733107444,36.46
"05045",0.00276570525483998,0.399674164016212,1,0,0.188105704449762,85.17
"05047",0.000174550532379124,0.0252244298213359,1,0,0.0650748651797114,20.52
"05049",0.000424808836023789,0.0613894470885443,1,0,0.0717580114020451,26.76
"05051",0.00369106483738422,0.533398579125354,1,0,0.203142430529505,88.07
"05053",0.000365831351746845,0.0528665661044204,1,0,0.0800686939265831,35.51
"05055",0.000111247079764156,0.0160763998716691,1,0,0.110209570447476,58.54
"05057",0.000112019715469923,0.0161880540435122,1,0,0.0748581465549405,30.45
"05059",0.000749705472849952,0.108340506492988,1,0,0.0850384670746684,39.99
"05061",0.000716743119266055,0.1035770917764,1,0,0.0604804460332018,16.39
"05063",0.00170468789170218,0.246345740144333,1,0,0.0997330693352623,51.7
"05065",0.000559440559440559,0.0808451795504522,1,0,0.0864150078441501,40.95
"05067",0.000159438775510204,0.0230406183747502,1,0,0.0645252904759765,19.85
"05069",0.00127428020388483,0.184147198736673,1,0,0.111870079759328,59.59
"05071",0.000429507140556212,0.062068402639937,1,0,0.0650776116094202,20.55
"05073",0,0,0,0,0.058186529535534,14.32
"05075",0.00038550501156515,0.0557096216061809,1,0,0.0722263842479285,27.43
"05077",0,0,0,0,0.0496964662242068,7.83
"05079",0,0,0,0,0.0395418265385066,2.86
"05081",0.000274047684297068,0.039602838708258,1,0,0.0511979529357302,8.91
"05083",0.000163052339801076,0.0235628172911191,1,0,0.0778376120367284,33.44
"05085",0.000959789856536674,0.138699960117308,1,0,0.137716540335246,72.06
"05087",0.00130208333333333,0.18816505006046,1,0,0.0804590847268547,35.83
"05089",0.000507356671740233,0.0733184974360392,1,0,0.077412799698284,32.96
"05091",0.000773612771643575,0.11179536837406,1,0,0.109655783905727,58.22
"05093",4.41618088676912e-05,0.00638185649383648,1,0,0.0735926764063772,28.92
"05095",0,0,0,0,0.065200395359335,20.59
"05097",0.000591016548463357,0.0854082496728329,1,0,0.0866123449953047,41.2
"05099",0,0,0,0,0.0520353643533018,9.32
"05101",0,0,0,0,0.0708567034257768,25.87
"05103",0.000632351081320349,0.0913815343660258,1,0,0.0798424930103978,35.32
"05105",0.00135961930659415,0.196479617194335,1,0,0.0870687731967535,42
"05107",0,0,0,0,0.0717093777415036,26.66
"05109",0.000310752019888129,0.0449070100827947,1,0,0.0732961685739573,28.6
"05111",0.000309214594928881,0.0446848356358792,1,0,0.0588629801337779,14.83
"05113",0.000143102461362335,0.0206798452270225,1,0,0.0857299465657086,40.53
"05115",0.000697836706210747,0.100844911686276,1,0,0.145005761218872,74.51
"05117",0,0,0,0,0.0495721816682714,7.76
"05119",0.00396839066601445,0.573475144957495,1,0,0.250667108005842,93.7
"05121",0.000132117849121416,0.0190924505808473,1,0,0.0648965182752766,20.36
"05123",0.00012388503468781,0.0179027203228981,1,0,0.0746169631476496,30.13
"05125",0.00340371697942709,0.491873722234012,1,0,0.166201482570602,80.91
"05127",0,0,0,0,0.0446107983975625,5.28
"05129",0.00372736954206603,0.538644999534096,1,0,0.0805671935225237,35.95
"05131",0.00118651152129653,0.171463679847993,1,0,0.204552277710079,88.39
"05133",0,0,0,0,0.0635948833981027,19.22
"05135",0,0,0,0,0.0982010825746313,50.52
"05137",0.00029585798816568,0.0427546622622584,1,0,0.0896481706755213,44.16
"05139",0.000807797942807906,0.116735493386639,1,0,0.117204651558315,62.77
"05141",0.000432525951557093,0.0625046533072808,1,0,0.0944742634734325,47.92
"05143",0.00246637916566333,0.356418323846489,1,0,0.21280905080219,89.66
"05145",0.00058218513487289,0.0841320153967203,1,0,0.135106651461428,70.86
"05147",0,0,0,0,0.0368734690018895,2.26
"05149",0.000133868808567604,0.0193454830584248,1,0,0.0686850255240794,23.83
"06001",0.00603232363563767,0.871735663780345,1,0,0.358848251950249,98.98
"06003",0.0131782945736434,1.90440534386772,1,1,0.111601769287941,59.43
"06005",0.00112890707683624,0.163139217889151,1,0,0.131098400620058,69.46
"06007",0.00109877788989797,0.158785226233327,1,0,0.203659674887946,88.2
"06009",0.00113277773282628,0.163698569321957,1,0,0.159420443845033,78.97
"06011",0.00135593220338983,0.195946791113808,1,0,0.0544060393991269,11.14
"06013",0.00471915628735234,0.681968854312541,1,0,0.313436365147003,97.8
"06015",0.000216333153055706,0.0312624680251884,1,0,0.0786106165915951,33.98
"06017",0.00354661053602837,0.512523378475571,1,0,0.214655872712224,89.98
"06019",0.000866582111810126,0.125230438233793,1,0,0.190479860440551,85.62
"06021",8.93655049151028e-05,0.01291427689423,1,0,0.0893875300920073,43.94
"06023",0.000621577125961765,0.0898245819056888,1,0,0.159908634444273,79.19
"06025",0.000562211364701158,0.0812455907201686,1,0,0.1018934875899,53.23
"06027",0.000116931711880262,0.0168978903702565,1,0,0.0981119297364489,50.43
"06029",0.00179458791420994,0.259337260581282,1,0,0.149652273957049,76.2
"06031",0.000872932736564772,0.126148171833696,1,0,0.0700663723866582,24.98
"06033",0.00020114653525093,0.0290678383679842,1,0,0.106032772593976,55.97
"06035",0.000393545848091303,0.056871608991119,1,0,0.0715384034538357,26.44
"06037",0.00236365806254272,0.341574019326075,1,0,0.399568828223937,99.65
"06039",0.000776963815685155,0.112279630290097,1,0,0.116824951836778,62.42
"06041",0.00279398841846736,0.403761385443269,1,0,0.306345419215349,97.49
"06043",0.000288225969159821,0.0416517534072441,1,0,0.0887704951303779,43.59
"06045",0.000293764187474963,0.0424520855364072,1,0,0.14902254063827,75.88
"06047",0.0003662543688914,0.052927696632816,1,0,0.109380469728291,58.07
"06049",0.000313577924114142,0.0453153836457928,1,0,0.0741181432807072,29.78
"06051",0.000325662179765523,0.0470616885952344,1,0,0.0931498194062772,46.87
"06053",0.00134107391787687,0.193799609005116,1,0,0.120098945649584,64.49
"06055",0.00210084033613445,0.30359403034965,1,0,0.150372611221141,76.52
"06057",0.00431668326929463,0.623807173218795,1,0,0.252951530817807,93.86
"06059",0.00681595623983538,0.98497900575631,1,0,0.434247771766105,99.87
"06061",0.00495524674575518,0.716086465518301,1,0,0.253006605163187,93.89
"06063",0.00051440329218107,0.0743368099004286,1,0,0.103530147958114,54.37
"06065",0.00110580991490974,0.159801429501193,1,0,0.259345434536224,94.43
"06067",0.00456461413952128,0.659635851317533,1,0,0.253196826940147,93.95
"06069",0.000238561000047712,0.0344746310526345,1,0,0.135204609889224,70.92
"06071",0.00116590531561462,0.168485861436197,1,0,0.29856582923994,96.91
"06073",0.00521667018635219,0.75386496519465,1,0,0.364180641752968,99.14
"06075",0.0159162093189526,2.30006348027404,1,1,0.311317959649287,97.65
"06077",0.00118455638519648,0.171181141647309,1,0,0.199576331215777,87.59
"06079",0.00104486523370863,0.150994267397544,1,0,0.236952052550987,92.11
"06081",0.0205222481482196,2.96568564492512,1,1,0.278122285967632,95.86
"06083",0.00170932554550573,0.247015931012896,1,0,0.226015654829155,91
"06085",0.0266478933270864,3.8509072756969,1,1,0.237661344811025,92.2
"06087",0.00235462651177725,0.34026886307501,1,0,0.245750310896098,93.29
"06089",0.00116678794570045,0.168613410979328,1,0,0.21287061461671,89.76
"06091",0,0,0,0,0.106205531864103,56.16
"06093",0.000729305943843442,0.105392555084308,1,0,0.113205911640308,60.64
"06095",0.00137012301450788,0.197997515991448,1,0,0.249036852685565,93.64
"06097",0.00183382347970118,0.265007221908495,1,0,0.285248767287186,96.28
"06099",0.000874803845529482,0.126418567209322,1,0,0.207955071963641,88.83
"06101",0.000651129981822621,0.0940952875203993,1,0,0.149395803320301,76.04
"06103",0.000135580964432594,0.019592908001053,1,0,0.0947799922732197,48.08
"06105",0.000282485875706215,0.04082224814871,1,0,0.0970723618898783,49.83
"06107",0.000498781328095272,0.0720792680219671,1,0,0.140820683775145,73.08
"06109",0.000817543522169857,0.118143834451734,1,0,0.139118875001488,72.38
"06111",0.00462378933135085,0.668187303170037,1,0,0.322501908618725,98.06
"06113",0.000934135401315842,0.134992615335816,1,0,0.167523817938402,81.32
"06115",0.0014722894100326,0.212761659296463,1,0,0.0858152197475988,40.63
"08001",0.00356969124674507,0.515858789486724,1,0,0.253211980032375,93.99
"08003",0.000423011844331641,0.06112976245619,1,0,0.0999941984612401,51.92
"08005",0.0158268563534164,2.28715101545495,1,1,0.345141616942645,98.6
"08007",0.00299800133244504,0.43324344637505,1,0,0.145499666530789,74.64
"08009",0,0,0,0,0.0584651520102696,14.54
"08011",0.000685871056241427,0.0991157465339048,1,0,0.0458049319195174,5.85
"08013",0.0260316156846643,3.76184852617691,1,1,0.358632683724059,98.92
"08014",0.0356504685116583,5.15187624359043,1,1,0.248982005239399,93.6
"08015",0.00428824461638855,0.619697481918144,1,0,0.164490700138922,80.56
"08017",0,0,0,0,0.0680097987503714,23.35
"08019",0.00261506276150628,0.377904703050296,1,0,0.126684473792924,67.8
"08021",0.000482858522452921,0.0697782513019958,1,0,0.0718315199714791,26.85
"08023",0.00163265306122449,0.235935932157442,1,0,0.0606318674581563,16.45
"08025",0,0,0,0,0.0259656238892062,0.29
"08027",0.00273224043715847,0.394838137831785,1,0,0.111684502516453,59.53
"08029",0.00036360330879011,0.0525445899268915,1,0,0.162248466351775,79.73
"08031",0.0156551413531092,2.26233635052392,1,1,0.406190762009067,99.71
"08033",0,0,0,0,0.11369839967562,60.83
"08035",0.0239362809538822,3.45905011503243,1,1,0.303384567962149,97.2
"08037",0.00153702723813843,0.222116971936212,1,0,0.167861259202944,81.39
"08039",0.00789595912679981,1.14105104207588,1,1,0.198816170637666,87.37
"08041",0.0163878956830899,2.36822723450435,1,1,0.26981694416682,95.26
"08043",0.0054945054945055,0.794015156299084,1,0,0.127000145610082,67.87
"08045",0.00218361340548752,0.3155556293808,1,0,0.194024608194721,86.32
"08047",0.00217735550277118,0.314651295112978,1,0,0.0422195800518177,3.95
"08049",0.00369886858137511,0.5345263040882,1,0,0.123377727684445,66.08
"08051",0.00133463831301717,0.19286959486578,1,0,0.152560676363176,77.03
"08053",0,0,0,0,0.067780628845646,23.07
"08055",0.000461254612546125,0.0666562538959563,1,0,0.0649938045286017,20.43
"08057",0,0,0,0,0.0742713676570739,29.97
"08059",0.0108816336730869,1.57251313523403,1,1,0.355489384068695,98.85
"08061",0,0,0,0,0.0617830605775453,17.63
"08063",0.000812567713976165,0.11742477663578,1,0,0.0740397192092508,29.62
"08065",0.0015124016938899,0.218558315859699,1,0,0.0803592870236746,35.73
"08067",0.00173661360347323,0.25095934896631,1,0,0.227656059700118,91.19
"08069",0.00784331413851343,1.13344327489021,1,1,0.288989844828567,96.47
"08071",0.00321888412017167,0.465163385557189,1,0,0.0870458434207521,41.97
"08073",0,0,0,0,0.0594531010941629,15.43
"08075",0.000112283853581855,0.0162262248424021,1,0,0.0882142208857917,43.14
"08077",0.00347724527851142,0.502499352501964,1,0,0.243685854865208,93
"08079",0.0069060773480663,0.998002475458793,1,0,0.0526809937286916,9.93
"08081",0.00018698578908003,0.0270214581986599,1,0,0.0968559200517148,49.63
"08083",0.000904322662325918,0.130684353813016,1,0,0.148166033940808,75.56
"08085",0.00122311690959128,0.176753552273693,1,0,0.191545208489864,85.75
"08087",0.000804990943851882,0.116329851838546,1,0,0.0761212071490586,31.85
"08089",0.00152883947185546,0.220933751620676,1,0,0.0829705877975442,37.93
"08091",0.000741015190811412,0.107084667244486,1,0,0.14138941806342,73.24
"08093",0.0107186358099878,1.54895819041244,1,1,0.185468878826343,84.54
"08095",0.00708905626938414,1.02444489815814,1,1,0.0610791960080722,16.74
"08097",0.00121601245196751,0.175726881714132,1,0,0.146180983878507,74.9
"08099",0.000528913963328632,0.0764337579935296,1,0,0.0617341417996676,17.56
"08101",0.00186416980892259,0.269392592960347,1,0,0.175766161541264,82.98
"08103",0.00209080047789725,0.302143162821097,1,0,0.055433399175605,11.9
"08105",0.00112023898431665,0.161886585264862,1,0,0.0754308820077019,30.89
"08107",0.00233520857658423,0.337462762532802,1,0,0.199849241030724,87.66
"08109",0.000439367311072056,0.0634933033595928,1,0,0.0603145290798172,16.26
"08111",0.00323101777059774,0.466916828582983,1,0,0.101926602803204,53.29
"08113",0.000437062937062937,0.0631602965237908,1,0,0.137152873799095,71.91
"08115",0,0,0,0,0.0600322042577944,16.04
"08117",0.00383469995512585,0.55415539892974,1,0,0.145413766114754,74.61
"08119",0.00488534396809571,0.705984762101219,1,0,0.132657247382365,70.12
"08121",0.00195694716242661,0.282799918681865,1,0,0.0719240931085219,26.98
"08123",0.00294989485167986,0.426291542353485,1,0,0.211973285806345,89.47
"08125",0.000193610842207164,0.0279788496508099,1,0,0.0637308017593455,19.31
"09110",0.0116713302897057,1.6866327922442,1,1,0.284526172810583,96.25
"09120",0.0033667218920521,0.48652753409866,1,0,0.269901385729189,95.29
"09130",0.00581764205939741,0.840711866373389,1,0,0.233381560834021,91.73
"09140",0.00667917369530146,0.96521245650348,1,0,0.272318535933425,95.51
"09150",0.00238771685909448,0.345050774263079,1,0,0.186531051059623,84.82
"09160",0.00318228676437632,0.459874673914067,1,0,0.212828029123932,89.69
"09170",0.00306646011534216,0.443136477013833,1,0,0.262866825778549,94.91
"09180",0.00281958175037956,0.407459897249072,1,0,0.167296005471985,81.16
"09190",0.00533689912023633,0.771239339617455,1,0,0.352956485452488,98.79
"10001",0.00350096641260348,0.505927311580817,1,0,0.165355740102124,80.72
"10003",0.00600786296495009,0.868200833707175,1,0,0.24147096350784,92.65
"10005",0.00483358389312832,0.698504874410437,1,0,0.185573181852122,84.6
"11001",0.0169277157445508,2.44623704101066,1,1,0.188390416510979,85.27
"12001",0.00239168311484579,0.345623940889894,1,0,0.169111864239919,81.64
"12003",0.000945626477541371,0.136653199476533,1,0,0.0722051395376415,27.39
"12005",0.00388491216020433,0.5614116027689,1,0,0.222441671690588,90.74
"12007",0.00184948072272016,0.267269861972348,1,0,0.0919041302214311,45.56
"12009",0.00787761759247108,1.13840049303896,1,1,0.27207910509554,95.48
"12011",0.00456566190907334,0.659787265290178,1,0,0.419327569195961,99.81
"12013",0.000275103163686382,0.0397553668353324,1,0,0.0604846194069822,16.42
"12015",0.00216509229708274,0.312879129957957,1,0,0.210258374321322,89.21
"12017",0.00166204986149584,0.240184086060554,1,0,0.167396321984556,81.23
"12019",0.00472896994716493,0.683387033735193,1,0,0.222182917140568,90.71
"12021",0.00169964107277647,0.245616420513638,1,0,0.25727055038578,94.3
"12023",0.000299367585974629,0.0432618369034714,1,0,0.141035352996207,73.15
"12027",0.000255297421496043,0.0368932240098119,1,0,0.0961891209171371,49.19
"12029",0,0,0,0,0.0687036702203333,23.93
"12031",0.00426779372859946,0.61674210861284,1,0,0.325476467703378,98.12
"12033",0.00244132659006689,0.352797957146011,1,0,0.219844341525198,90.58
"12035",0.00571096994869289,0.825296598750398,1,0,0.200010403432706,87.72
"12037",0.000475059382422803,0.0686511916610134,1,0,0.113102834983284,60.61
"12039",0.000479490867878471,0.0692915889852563,1,0,0.0746217086307182,30.19
"12041",0.000419639110365086,0.0606423661126451,1,0,0.0705266331774208,25.42
"12043",0,0,0,0,0.0772167304920852,32.68
"12045",0.00136558720249707,0.197342042357595,1,0,0.110517223016718,58.8
"12047",0.000286204922724671,0.041359690454045,1,0,0.0641370812673642,19.6
"12049",0.000122744568552842,0.0177379106967514,1,0,0.0817422971756384,36.91
"12051",0.00077644775153672,0.112205053468599,1,0,0.0999244569288878,51.83
"12053",0.000716783216783217,0.103582886299017,1,0,0.19231912516909,85.97
"12055",0.000514995455922448,0.0744223839318196,1,0,0.160660949833107,79.38
"12057",0.0083599004092379,1.20809554867562,1,1,0.392550334334155,99.62
"12059",0.000237360550676478,0.0343011532035208,1,0,0.0870058145056905,41.84
"12061",0.00141337386018237,0.204247728503317,1,0,0.231231290913286,91.5
"12063",0.000120271814300319,0.0173805711042676,1,0,0.0960527374338457,49.13
"12065",0.000497017892644135,0.0718244326274519,1,0,0.0931347597787056,46.83
"12067",0.000580046403712297,0.08382294573459,1,0,0.0497522211335027,7.89
"12069",0.00172236908122842,0.248900862253006,1,0,0.241028854845294,92.59
"12071",0.00228014392101079,0.329505327392294,1,0,0.258077151747982,94.37
"12073",0.00772121131032022,1.11579810257955,1,1,0.248603889229996,93.57
"12075",0.00242446848190974,0.350361779150248,1,0,0.133145209602575,70.35
"12077",0.000488519785051295,0.0705963646538511,1,0,0.034012260913782,1.5
"12079",0.000529007229765473,0.0764472359970551,1,0,0.0748503790077408,30.42
"12081",0.00230300321551392,0.332808741378492,1,0,0.271892265524445,95.45
"12083",0.00142359894758025,0.205725363638367,1,0,0.233614059930823,91.76
"12085",0.00216495565332775,0.312859383465286,1,0,0.245689351386674,93.22
"12086",0.00371233289831517,0.536472042741171,1,0,0.409497856810666,99.75
"12087",0.00143477301155176,0.207340136097818,1,0,0.170169743205548,81.77
"12089",0.00134805494928746,0.194808443148998,1,0,0.191323861190613,85.68
"12091",0.0149622614817465,2.16220775480105,1,1,0.190011254977251,85.56
"12093",0.00111661665154582,0.161363119208803,1,0,0.109071306135698,57.84
"12095",0.0064208209519498,0.927877705615015,1,0,0.317305204443912,97.93
"12097",0.00558080028234879,0.806485681540292,1,0,0.217788109632058,90.23
"12099",0.0060262378332628,0.870856199863398,1,0,0.35327456298568,98.82
"12101",0.00265904766477992,0.384260994782564,1,0,0.261778134821239,94.78
"12103",0.00597394667209444,0.863299564502914,1,0,0.391329986264392,99.59
"12105",0.000798812409362219,0.115436987133357,1,0,0.235512131366786,91.95
"12107",0.00162058138357136,0.234191444864067,1,0,0.116430178186965,62.33
"12109",0.00375986193293886,0.543340499582867,1,0,0.27337549555728,95.58
"12111",0.00121856019496963,0.176095057987695,1,0,0.225081637301803,90.93
"12113",0.0020378970470088,0.294498047898988,1,0,0.214633760486254,89.95
"12115",0.00384710257675231,0.555947711187703,1,0,0.293932316902366,96.69
"12117",0.0047291867397643,0.683418362598154,1,0,0.349862019355523,98.73
"12119",0.00125386234382697,0.181196598293857,1,0,0.143679975117381,74.16
"12121",0.00271479932496882,0.392317709481109,1,0,0.0925412233256735,46.23
"12123",0.000315457413249211,0.0455869900461935,1,0,0.0803694487164335,35.76
"12125",0.0005175983436853,0.0747985292165804,1,0,0.043964933128884,4.84
"12127",0.00252246124195788,0.364522787227066,1,0,0.267552732765263,95.1
"12129",0.00183390096934766,0.265018419996079,1,0,0.122587512018841,65.67
"12131",0.00107916441840746,0.155950868592466,1,0,0.212228813808689,89.56
"12133",0.0009919229134193,0.143343532538619,1,0,0.0841455856940312,38.98
"13001",0.000354065856249262,0.0511663254265667,1,0,0.0806191666985259,36.02
"13003",0.000401445202729827,0.0580131507211695,1,0,0.0614388258478188,17.15
"13005",0.000221434898139947,0.0319997250767124,1,0,0.0695197935722319,24.79
"13007",0,0,0,0,0.0751806173831486,30.73
"13009",0.000377256804095931,0.0545176668889805,1,0,0.108063295846826,57.3
"13011",0.00325677065478231,0.470638397408679,1,0,0.0808918543636348,36.27
"13013",0.00227145652781661,0.32824990561288,1,0,0.171210247356938,81.9
"13015",0.000781005935645111,0.112863760111241,1,0,0.175113161288234,82.79
"13017",0,0,0,0,0.0663404072558537,21.57
"13019",0.00065402223675605,0.0945132494744495,1,0,0.0770403384175837,32.55
"13021",0.00134540808827686,0.194425943256855,1,0,0.19118349358066,85.65
"13023",0.000269614451334592,0.0389621888504808,1,0,0.0677013092285783,22.97
"13025",0,0,0,0,0.0628270194084704,18.29
"13027",0,0,0,0,0.06758536896213,22.88
"13029",0.00184034966643662,0.265950326103397,1,0,0.130149138783916,68.98
"13031",0.00244211567590961,0.352911988539622,1,0,0.154530366473867,77.7
"13033",0.000214224507283633,0.0309577460253713,1,0,0.0774285840592872,32.99
"13035",0.000212585034013605,0.0307208244996669,1,0,0.0693067095091634,24.59
"13037",0,0,0,0,0.039729034609651,2.96
"13039",0.00193136235329074,0.279102638508934,1,0,0.0997509644299736,51.73
"13043",0,0,0,0,0.0825294428302312,37.51
"13045",0.00174785318033285,0.252583588742911,1,0,0.143113066397695,73.91
"13047",0.00032020493115594,0.0462730574596328,1,0,0.139125215346759,72.41
"13049",0,0,0,0,0.0704198216156092,25.29
"13051",0.001054958039044,0.15245278635141,1,0,0.213405992999572,89.85
"13053",0.00053584824777623,0.0774358366983353,1,0,0.0299562666058925,0.76
"13055",0.000174794616325817,0.0252597025775971,1,0,0.0620406633556071,17.79
"13057",0.00598276778083204,0.864574309616923,1,0,0.2448346243177,93.1
"13059",0.000941182077033966,0.136010935788368,1,0,0.155720815864457,77.92
"13061",0,0,0,0,0.057263061348599,13.46
"13063",0.00501580321561083,0.72483752690598,1,0,0.158501972102638,78.81
"13065",0.000346740638002774,0.050107752581981,1,0,0.0727716826839603,27.94
"13067",0.00731350674589827,1.05688040675286,1,1,0.352221043334312,98.76
"13069",0.000193367494924103,0.027943683350369,1,0,0.0954813568547085,48.74
"13071",0.00160565189466924,0.232033973099604,1,0,0.0868220872608674,41.46
"13073",0.00260587745806508,0.376577327883448,1,0,0.19657767637055,86.92
"13075",0.000886682035821954,0.128135093497458,1,0,0.0777268675329839,33.34
"13077",0.00140354617489251,0.202827522248307,1,0,0.192204224625176,85.91
"13079",0.0014756517461879,0.213247553044417,1,0,0.0583363637734935,14.41
"13081",0.000103637682661416,0.0149767601250319,1,0,0.0818219025394624,37
"13083",0.000383877159309021,0.0554743794420089,1,0,0.0725577451205796,27.68
"13085",0.00138706943053094,0.200446455423888,1,0,0.130893947320204,69.42
"13087",9.62278675904542e-05,0.0139059621291795,1,0,0.0920291074361878,45.66
"13089",0.0109820777223526,1.58702838097485,1,1,0.31326299055301,97.77
"13091",0,0,0,0,0.0713027294299373,26.25
"13093",0.000637551801083838,0.092133094323515,1,0,0.0548177038889467,11.42
"13095",0.00197589795758667,0.285538512463607,1,0,0.152218182036798,76.87
"13097",0.00233758138246295,0.337805658509982,1,0,0.185571594657575,84.57
"13099",0.000235737859500236,0.0340666568709178,1,0,0.0600239937607176,16
"13101",0,0,0,0,0.0499344232864542,8.05
"13103",0.000494865767660522,0.0715134274137985,1,0,0.114023154860619,60.96
"13105",0.000574630081884787,0.0830402289593066,1,0,0.0840250523111016,38.78
"13107",0,0,0,0,0.0810521846170814,36.4
"13109",0.00173913043478261,0.25132305816771,1,0,0.059017343406182,14.92
"13111",0.000447477346459336,0.064665290724436,1,0,0.125825265292793,67.39
"13113",0.00260932157639014,0.377075040034782,1,0,0.242129720893208,92.78
"13115",0.000340129249114664,0.0491523357593759,1,0,0.13148272467336,69.65
"13117",0.015298695897573,2.21082614739961,1,1,0.30141847356934,97.04
"13119",0.000416840350145894,0.06023791515066,1,0,0.0921617022794592,45.88
"13121",0.0116386843530839,1.68191510318278,1,1,0.386366067254434,99.52
"13123",0.0015581177937052,0.225164784117222,1,0,0.126075954332314,67.45
"13125",0.00177304964539007,0.256224749018499,1,0,0.0523475590734059,9.61
"13127",0.00162413984698893,0.234705681111444,1,0,0.176342640705606,83.07
"13129",0.00147084573629837,0.21255303291018,1,0,0.0928557013135908,46.45
"13131",0.000130855796911803,0.0189100704588371,1,0,0.0762192524471842,32.01
"13133",0.00697199182594062,1.00752782664901,1,1,0.119981667776508,64.46
"13135",0.0114312282199785,1.65193546004336,1,1,0.430462490378122,99.84
"13137",0.00157049790600279,0.226953843534999,1,0,0.100666208920845,52.37
"13139",0.00207900207900208,0.300438167248302,1,0,0.186521495069079,84.79
"13141",0.000539374325782093,0.0779453929053038,1,0,0.0804766040037887,35.86
"13143",0.00055364854390433,0.0800081709923781,1,0,0.0948525573488086,48.17
"13145",0.00474347771813756,0.685483562721815,1,0,0.0983993960999782,50.84
"13147",0.00137261112870869,0.198357075261708,1,0,0.080697981366673,36.18
"13149",0,0,0,0,0.0719837560769444,27.04
"13151",0.00136239782016349,0.196881142297593,1,0,0.162621962990584,79.89
"13153",0.00897830788387181,1.29746208186391,1,1,0.124671887244547,66.97
"13155",0,0,0,0,0.0543530833514259,11.04
"13157",0.00191505914739971,0.276746649860512,1,0,0.111338067046474,59.27
"13159",0.00775915580384854,1.1212814901182,1,1,0.109257150233568,58
"13161",0,0,0,0,0.0728585430998863,28.09
"13163",0.000172741406115046,0.0249629916127886,1,0,0.0689904381752078,24.12
"13165",0.000491642084562439,0.0710475705243035,1,0,0.0561762858252005,12.44
"13167",0.000588928150765607,0.0851064537375932,1,0,0.0656761981854576,21
"13169",0.00190548780487805,0.275363487893356,1,0,0.0945178364980243,47.95
"13171",0.000364630811303555,0.052693075094415,1,0,0.0720327450113813,27.11
"13173",0.000551876379690949,0.0797520741978108,1,0,0.0562862380861167,12.54
"13175",0.00164857810138755,0.238237271789696,1,0,0.118306608348552,63.6
"13177",0.000558098002009153,0.0806511655577817,1,0,0.107455136634585,56.82
"13179",0.000181131294312477,0.0261754207194802,1,0,0.0565631661728895,12.79
"13181",0.00161812297734628,0.233836178715911,1,0,0.0831346223856465,38.08
"13183",0.00106553010122536,0.153980563075582,1,0,0.0868444280472411,41.55
"13185",0.000794126703725913,0.114759852257998,1,0,0.153761610392314,77.38
"13187",0.00160422761158819,0.231828148871319,1,0,0.125614448687017,67.2
"13189",0.00105213935001169,0.152045455461527,1,0,0.0873649353734149,42.35
"13191",0.00312360553324409,0.451394604696579,1,0,0.0812979081086355,36.65
"13193",0,0,0,0,0.0637553897068135,19.38
"13195",0.00056635831602794,0.0818448698016424,1,0,0.0998129571736274,51.77
"13197",0.000656598818122127,0.0948855932018603,1,0,0.0486285846442478,7.29
"13199",0.000172681747539285,0.0249543703067576,1,0,0.0794107124223679,35.13
"13201",0.000446229361892012,0.0644849435280827,1,0,0.0443119835332254,5
"13205",0.000990834778300718,0.14318628530734,1,0,0.062909317502939,18.39
"13207",0.00237735033499027,0.343552700002327,1,0,0.093121332250698,46.77
"13209",0,0,0,0,0.064607773375368,19.95
"13211",0.000789967413844179,0.11415879012259,1,0,0.103814568880611,54.57
"13213",0.000212201591511936,0.0306654129329301,1,0,0.075598079003512,31.08
"13215",0.00151118573756729,0.218382597089281,1,0,0.181177213876165,83.93
"13217",0.00146904512067156,0.21229282458028,1,0,0.166542726193075,81.01
"13219",0.00519838743899852,0.751222911508087,1,0,0.174047458768387,82.53
"13221",0.000343288705801579,0.0496089112414807,1,0,0.0775466083451301,33.12
"13223",0.0021934575389948,0.316978212580186,1,0,0.205165398271332,88.42
"13225",0.000157430730478589,0.022750434264237,1,0,0.0824725113010666,37.48
"13227",0.00111018595614765,0.160433814539476,1,0,0.138377602111149,72.22
"13229",0.00221918743598498,0.320696459508985,1,0,0.0832801872591678,38.24
"13231",0.00116036203295428,0.167684797454668,1,0,0.104226182476867,54.82
"13233",7.84252215512509e-05,0.0113332882477008,1,0,0.0933032067229781,47.06
"13235",0.00406032482598608,0.58676062014213,1,0,0.0628617685833856,18.33
"13237",0.00120353035571008,0.17392308451697,1,0,0.1014289576467,52.82
"13239",0,0,0,0,0.0457026114695546,5.82
"13241",0.00190979873659468,0.275986463905337,1,0,0.10055361637856,52.27
"13243",0,0,0,0,0.0597683699595314,15.78
"13245",0.00446726124353318,0.645567310481337,1,0,0.168848338442578,81.58
"13247",0.00256525204223949,0.37070651823029,1,0,0.185624064311734,84.66
"13249",0.000694444444444444,0.100354693365579,1,0,0.065065520352499,20.49
"13251",0.000282007896221094,0.0407531749707934,1,0,0.0704944466594754,25.39
"13253",0,0,0,0,0.0490219002564997,7.54
"13255",0.000226937478724611,0.0327949071704149,1,0,0.126453381340703,67.67
"13257",0.0015154576682158,0.218999937027329,1,0,0.0941023824819253,47.69
"13259",0.000555864369093941,0.0803283815711135,1,0,0.0262967580124472,0.38
"13261",0.000414731254147313,0.0599331280882686,1,0,0.101481372557621,52.91
"13263",0,0,0,0,0.0521289076536865,9.48
"13265",0,0,0,0,0.0277221640627986,0.51
"13267",0.0143057503506311,2.06733483331503,1,1,0.0741449315290935,29.84
"13269",0,0,0,0,0.0702865730238974,25.17
"13271",0,0,0,0,0.0630924957130143,18.49
"13273",0,0,0,0,0.0661745343873408,21.38
"13275",0.0026456137403939,0.382319648180628,1,0,0.150220712616312,76.46
"13277",0.000244110826315147,0.0352766406557874,1,0,0.115450877205391,61.82
"13279",0.000285857214321446,0.0413094428489768,1,0,0.0898598806445802,44.29
"13281",0.000864677907479464,0.124955260221732,1,0,0.0841303677234562,38.94
"13283",0.000722543352601156,0.104415287894822,1,0,0.0737945808615134,29.27
"13285",0.00236577511993166,0.341879956895025,1,0,0.10340027261349,54.34
"13287",0.000412541254125413,0.0596166495241061,1,0,0.0773164641668961,32.8
"13289",0.000509943906170321,0.0736923806458099,1,0,0.0592974695187083,15.3
"13291",0.00426075841499787,0.615725430108365,1,0,0.118875581507724,64.05
"13293",0.00023835061375283,0.0344442279695944,1,0,0.0891920327405415,43.78
"13295",0.0011001705264316,0.158986477195042,1,0,0.0911813393108286,44.93
"13297",0.000766014490440777,0.110697334994555,1,0,0.172304746702524,82.15
"13299",0.000122122488856323,0.0176480134879933,1,0,0.0982572943527904,50.59
"13301",0,0,0,0,0.0869496094092297,41.68
"13303",0.000135263086703639,0.0195469712493485,1,0,0.0758300783157317,31.4
"13305",0.000198432384165096,0.028675614336032,1,0,0.0939776650134486,47.6
"13307",0,0,0,0,0.0728997760744495,28.19
"13309",0,0,0,0,0.0777005716582847,33.31
"13311",0.00054127198917456,0.0782196256814253,1,0,0.124092308427866,66.56
"13313",0.00100934040405659,0.145860547320847,1,0,0.137221350938929,71.94
"13315",0,0,0,0,0.0590873395087284,15.02
"13317",0.000641642605068977,0.092724259510063,1,0,0.0645374979671033,19.89
"13319",0.000952078705172961,0.137585615785243,1,0,0.0479923898701866,6.84
"13321",0.00101522842639594,0.146711429894856,1,0,0.0880603560779291,42.98
"15001",0.00116042275793809,0.167693572868135,1,0,0.199367342872971,87.56
"15003",0.00479825916816765,0.693400071614458,1,0,0.238895105343757,92.3
"15007",0.00153493938290234,0.221815254392517,1,0,0.164125876367853,80.46
"15009",0.00313916577840769,0.453643227526784,1,0,0.208539914002258,89.02
"16001",0.00630265811809093,0.91080190487389,1,0,0.368556388382549,99.2
"16003",0.00151745068285281,0.219287949084117,1,0,0.10163883979656,53.13
"16005",0.00128965695125097,0.186369304160992,1,0,0.197844576072622,87.18
"16007",0,0,0,0,0.0971045538161251,49.89
"16009",0.000505305709954523,0.0730221113928415,1,0,0.0823607355031362,37.32
"16011",0.000421030472080417,0.0608434328494009,1,0,0.129531038447592,68.72
"16013",0.000991716252479291,0.143313667809437,1,0,0.20637531872214,88.61
"16015",0,0,0,0,0.109153523980713,57.91
"16017",0.00251772685232761,0.363838616990814,1,0,0.209767938836003,89.15
"16019",0.00102253969645179,0.147767987075833,1,0,0.272721305248366,95.55
"16021",0.000596658711217184,0.0862236028916666,1,0,0.109500524099429,58.1
"16023",0.004027231757599,0.581978315730194,1,0,0.0192575704334664,0.13
"16025",0,0,0,0,0.0896226485439089,44.13
"16027",0.000953196124965957,0.137747094967032,1,0,0.226463452154203,91.03
"16029",0.0047464401698726,0.685911668868906,1,0,0.0673734254667076,22.62
"16031",0.000346860908775581,0.0501251330025783,1,0,0.103775616830187,54.53
"16033",0.00333333333333333,0.481702528154778,1,0,0.0592323455400731,15.24
"16035",0,0,0,0,0.086746283670238,41.36
"16037",0.000531914893617021,0.0768674247055496,1,0,0.0824205259380384,37.42
"16039",0.00032605151613955,0.0471179518899358,1,0,0.0757341057086281,31.21
"16041",0.00060557125555107,0.087511561433044,1,0,0.113081794259884,60.58
"16043",0.000211059518784297,0.030500371136858,1,0,0.0989559438076142,51.13
"16045",0.00107392160372293,0.15519322546601,1,0,0.139324115007926,72.48
"16047",0.00148404650012367,0.214460685302646,1,0,0.0632873809370711,18.68
"16049",0.000706963591375044,0.102163844783622,1,0,0.120475793883907,64.78
"16051",0.00069577317794399,0.100546709651371,1,0,0.128208642203231,68.41
"16053",0.000284798860804557,0.0411564993795467,1,0,0.0794668785846029,35.16
"16055",0.00235016195416575,0.339623686468445,1,0,0.283397869286877,96.15
"16057",0.000961049239640455,0.13888195452481,1,0,0.145805433001905,74.71
"16059",0.00340346534653465,0.491837358573876,1,0,0.121696173328896,65.29
"16061",0,0,0,0,0.0612854552850468,16.96
"16063",0,0,0,0,0.0655681824749976,20.94
"16065",0.000644422168122583,0.0931259362750894,1,0,0.12277309430785,65.77
"16067",9.16674305619214e-05,0.013246929915339,1,0,0.0870283357682421,41.9
"16069",0.000784508030884842,0.113369850550486,1,0,0.130361511325251,69.04
"16071",0.000488758553274682,0.0706308692309058,1,0,0.07154036607558,26.47
"16073",0.000455580865603645,0.0658363364220653,1,0,0.0738325307336806,29.34
"16075",0.000118133490844654,0.0170715603598858,1,0,0.119627974003041,64.4
"16077",0.000210304942166141,0.0303913266974623,1,0,0.0400183425540707,2.99
"16079",0.000557413600891862,0.0805522622332404,1,0,0.0970362540238132,49.79
"16081",0.00117056856187291,0.169159750689805,1,0,0.161249674401053,79.45
"16083",0.00136296917592787,0.196963709352446,1,0,0.195682976929287,86.67
"16085",0.00188176258428728,0.271934938271475,1,0,0.137037850316653,71.78
"16087",0.000279485746226942,0.0403886971622228,1,0,0.102240438138331,53.52
"17001",0.000378776842166604,0.0547373287434408,1,0,0.165747746358694,80.81
"17003",0,0,0,0,0.0381662144353949,2.48
"17005",0.00448517940717629,0.648156677899369,1,0,0.0805184591856134,35.92
"17007",0.000752785305630834,0.108785575464042,1,0,0.115676271598333,62.04
"17009",0,0,0,0,0.0400507028942629,3.02
"17011",0.00155763239875389,0.225094639324662,1,0,0.0986972016787585,51.03
"17013",0.00294985250737463,0.426285423145821,1,0,0.0755601528924649,31.02
"17015",0.000442477876106195,0.0639428134718731,1,0,0.0792987043796418,34.84
"17017",0.00588744588744589,0.85079927050714,1,0,0.0573481844625183,13.52
"17019",0.00117813383600377,0.170253014192311,1,0,0.149657037115141,76.23
"17021",0.00255102040816327,0.368649893996003,1,0,0.0930428847060606,46.64
"17023",0.000406752084604434,0.0587800522458545,1,0,0.0690740442298409,24.24
"17025",0,0,0,0,0.0675167026553168,22.78
"17027",0.00368677186255714,0.532778198077102,1,0,0.0994575139157899,51.38
"17029",0.000641025641025641,0.0926351015682264,1,0,0.0946474764069595,48.01
"17031",0.00496540286686681,0.717554134283017,1,0,0.444626066187177,99.94
"17033",0.000123931094311563,0.0179093764340604,1,0,0.0838006478574059,38.56
"17035",0.000303398058252427,0.0438442835092334,1,0,0.0561004424708127,12.38
"17037",0.000544635341882458,0.0787056663321665,1,0,0.147626899398231,75.37
"17039",0.00480512546716498,0.694392325690283,1,0,0.0639616207413496,19.54
"17041",0.000231857175979597,0.0335058563520596,1,0,0.0996430125255704,51.57
"17043",0.0137729874048178,1.99034485594339,1,1,0.453291223778151,100
"17045",0.00036607687614399,0.052902047021269,1,0,0.044533525116008,5.19
"17047",0,0,0,0,0.0611482384244981,16.83
"17049",0.00367211561241412,0.530660212252953,1,0,0.137987530880676,72.16
"17051",0.000536672629695885,0.0775549687547942,1,0,0.103896562806097,54.66
"17053",0.00407076874902145,0.588269879381128,1,0,0.0626101057080245,18.1
"17055",0.00169457735247209,0.24488465845189,1,0,0.102625025070019,53.9
"17057",0.00102933607822954,0.148750137361228,1,0,0.0869669114340322,41.71
"17059",0,0,0,0,0.0548848777993161,11.52
"17061",0.00146520146520147,0.211737375013089,1,0,0.0488643753226154,7.41
"17063",0.000459443655500794,0.0663945511198215,1,0,0.0997269820271802,51.67
"17065",0,0,0,0,0.0685019209819016,23.7
"17067",0.00567625758465453,0.820280288695746,1,0,0.0822565526730515,37.26
"17069",0,0,0,0,0.0357505089336936,1.91
"17071",0,0,0,0,0.0615968421308124,17.4
"17073",0.00163211025811521,0.235857491268434,1,0,0.0990754122112299,51.19
"17075",0.00570364334768944,0.824237826082555,1,0,0.0800733578901251,35.54
"17077",0.003039948499696,0.439305263329167,1,0,0.105058989788415,55.36
"17079",0.000393545848091303,0.056871608991119,1,0,0.0636188419703958,19.25
"17081",0.000752728641324802,0.1087773868622,1,0,0.0915408821838467,45.31
"17083",0.00329924117452986,0.476775844429011,1,0,0.0870250644251227,41.87
"17085",0.000470366886171214,0.0679730754686892,1,0,0.136498629193823,71.71
"17087",0.000326157860404436,0.0471333197803109,1,0,0.0529218209254312,10.15
"17089",0.00334001622784234,0.482668278308892,1,0,0.328026860413049,98.22
"17091",0.000131859437839263,0.0190551073704723,1,0,0.153677019464712,77.35
"17093",0.000966980461306561,0.139739079866293,1,0,0.177010661377112,83.26
"17095",0.000496277915632754,0.0717174979883043,1,0,0.101569178071334,53.1
"17097",0.00489349453080023,0.707162606099414,1,0,0.275554799824353,95.64
"17099",0.000165020391805559,0.0238472219789489,1,0,0.158163624261403,78.62
"17101",0,0,0,0,0.0523614174885559,9.64
"17103",0.000372883883958535,0.0538857328832997,1,0,0.103253553336406,54.18
"17105",0.00115273775216138,0.166583006854678,1,0,0.0877126358170511,42.73
"17107",0.00283553875236295,0.409765855708223,1,0,0.0671467349635566,22.37
"17109",0.00110610057006722,0.159843432298446,1,0,0.0669733423958802,22.11
"17111",0.00223497880943328,0.32297848286291,1,0,0.260603869742839,94.59
"17113",0.00639759730107792,0.924521638213625,1,0,0.132762285387522,70.22
"17115",0.00273713239077195,0.395545077758754,1,0,0.139547681655397,72.57
"17117",0.00111006745794552,0.160416690274411,1,0,0.0904938413546731,44.51
"17119",0.00133910444150705,0.193514998481172,1,0,0.187128387257848,84.89
"17121",7.15307582260372e-05,0.0103369641234931,1,0,0.0937178594368059,47.38
"17123",0,0,0,0,0.0526235554784493,9.86
"17125",0,0,0,0,0.0603954881871556,16.29
"17127",0,0,0,0,0.0701060420800349,25.07
"17129",0,0,0,0,0.0841625827895383,39.01
"17131",0.000288517022504328,0.041693813746807,1,0,0.0729324387939412,28.25
"17133",0.00122087699664259,0.176429860754624,1,0,0.132240772130174,69.93
"17135",0.00213349588540079,0.308313108541613,1,0,0.0854384624970934,40.31
"17137",0.000725306606883819,0.10481460786699,1,0,0.0924299306829586,46.01
"17139",0.012846865364851,1.85651025753383,1,1,0.0932764231962397,47.03
"17141",0.000783179709621062,0.113177893837197,1,0,0.1079904747899,57.17
"17143",0.000925917520719674,0.133805043178041,1,0,0.173927585198342,82.5
"17145",0.00020271639975674,0.0292947006783769,1,0,0.0732931453377836,28.57
"17147",0,0,0,0,0.08835789654223,43.27
"17149",0.000432806751785328,0.0625452319612349,1,0,0.08327190642922,38.21
"17151",0.00122100122100122,0.176447812510908,1,0,0.0563258007092364,12.57
"17153",0,0,0,0,0.0345679752720676,1.69
"17155",0,0,0,0,0.0695122457281165,24.72
"17157",8.5755938598748e-05,0.0123926557281908,1,0,0.0790728331145259,34.78
"17159",0.000156887354879197,0.0226719106442474,1,0,0.0822959692163514,37.29
"17161",0.00103391787738003,0.149412256631514,1,0,0.158355326898506,78.71
"17163",0.00880524697527867,1.27245291870568,1,1,0.216131440920235,90.14
"17165",0.000330906684315023,0.0478195759253585,1,0,0.0707454455855974,25.74
"17167",0.00703576278222203,1.01674341590809,1,1,0.147930005488415,75.41
"17169",0.000497512437810945,0.0718958997245936,1,0,0.0606506174560278,16.54
"17171",0,0,0,0,0.0788706454493217,34.49
"17173",0.011472275334608,1.65786720971052,1,1,0.0879751236747768,42.89
"17175",0,0,0,0,0.0484326937115116,7.1
"17177",0.000570865120141159,0.0824961514822132,1,0,0.10573541645355,55.81
"17179",0.00125315736915275,0.181094721869001,1,0,0.154262023212198,77.54
"17181",0.000287894054987765,0.041603788238501,1,0,0.0648197036827387,20.24
"17183",0.000953086942708885,0.137731316956253,1,0,0.120810894558858,65
"17185",0.000511116790186558,0.0738618750045659,1,0,0.06951777882337,24.75
"17187",0.000275444153697838,0.0398046435605105,1,0,0.056505493700863,12.76
"17189",0,0,0,0,0.0691338043429142,24.37
"17191",0.00020746887966805,0.0299814851548617,1,0,0.0782099561277269,33.69
"17193",0.000629590766002099,0.0909826391058342,1,0,0.0576296630010874,13.78
"17195",0.000828861841818261,0.119779453408464,1,0,0.129558276409514,68.76
"17197",0.00269092994255435,0.388868326924745,1,0,0.271791663607552,95.39
"17199",0.000575318822514143,0.0831397593900278,1,0,0.119502478507049,64.3
"17201",0.00314835820027339,0.454971631382555,1,0,0.213964086425551,89.91
"17203",0.000155038759689922,0.022404768751385,1,0,0.0876668832430201,42.7
"18001",0.00039321056425716,0.0568231568699521,1,0,0.116951776048935,62.52
"18003",0.0026940369846911,0.389317327940453,1,0,0.270463803470917,95.32
"18005",0.00210349962769918,0.303978326590599,1,0,0.130718751700722,69.3
"18007",0.000358037952022914,0.051740335999439,1,0,0.0964012705472903,49.48
"18009",0.000306184935701164,0.0442470172830475,1,0,0.0787021541875575,34.17
"18011",0.00329645883471191,0.476373766391664,1,0,0.14622339576278,74.96
"18013",0.0492007992007992,7.11004480867816,1,1,0.135649389637087,71.21
"18015",0.000455857772375019,0.0658763524296155,1,0,0.081811148948378,36.94
"18017",0.000126047772105628,0.0182152591474675,1,0,0.0923617714525312,45.98
"18019",0.00561911748638144,0.812022929756598,1,0,0.199040277140633,87.43
"18021",0.000220361392684002,0.0318445919890774,1,0,0.0786876703341941,34.14
"18023",0.00132833255196124,0.191958344553006,1,0,0.082393490416016,37.38
"18025",0.0004516711833785,0.0652713452784251,1,0,0.0613845891415996,17.12
"18027",0.00257001647446458,0.371395029944705,1,0,0.10463812066178,55.07
"18029",0.00134985887838999,0.195069130311789,1,0,0.126308219410351,67.61
"18031",0.00107310529845741,0.155075260572967,1,0,0.0951104732064672,48.39
"18033",0.00132428405893064,0.191373293754588,1,0,0.112476068360649,60.13
"18035",0.000896503635820301,0.129554420362377,1,0,0.171054195093746,81.86
"18037",0.00196935812276778,0.284593435973816,1,0,0.11015406157542,58.38
"18039",0.00133812034308528,0.193372785671856,1,0,0.202322774216152,88.01
"18041",0.000147058823529412,0.0212515821244755,1,0,0.0828284465581871,37.8
"18043",0.00271137671536078,0.391823105570785,1,0,0.154385030934168,77.6
"18045",0.000175592625109745,0.0253750234322095,1,0,0.0818613555408992,37.03
"18047",0.000598682897625224,0.0865161196047295,1,0,0.0982786714129481,50.68
"18049",0.000699398517275143,0.101070610187742,1,0,0.106390080476335,56.25
"18051",0.00108885017421603,0.157350564510489,1,0,0.0680644123203561,23.39
"18053",0.000867544539116964,0.125369519333854,1,0,0.10023111103451,52.08
"18055",0.00322364002686367,0.465850665240349,1,0,0.0976338052356006,50.11
"18057",0.0145983434733172,2.10961768739061,1,1,0.303232711952744,97.17
"18059",0.00174381252485698,0.251999670555471,1,0,0.158158025147987,78.59
"18061",0.000682710360129715,0.0986589919415827,1,0,0.10968323279627,58.26
"18063",0.00179918811636249,0.260002039283353,1,0,0.144762066674455,74.48
"18065",0.00136870233982924,0.197792213216131,1,0,0.107788018083928,56.95
"18067",0.000691155766030974,0.0998794439537616,1,0,0.140234838479121,72.92
"18069",0.00220421393841167,0.31853262801807,1,0,0.116162794767658,62.2
"18071",0.00134179068065382,0.193903188937639,1,0,0.101477805997435,52.88
"18073",0.000149309443822322,0.0215768209699788,1,0,0.0907572923247255,44.64
"18075",0.000124254473161034,0.017956108156863,1,0,0.074726261415087,30.32
"18077",0.000619237649649099,0.089486502409378,1,0,0.0938220904181797,47.47
"18079",0.00245234644967116,0.354390445415398,1,0,0.078923775429361,34.68
"18081",0.00390363748037944,0.564117612989557,1,0,0.187858985122819,85.11
"18083",0.00235849056603774,0.340827260486871,1,0,0.0851833710898524,40.09
"18085",0.000780895763010731,0.112847838980287,1,0,0.157273106690472,78.36
"18087",0.000349344978165939,0.0504841077542125,1,0,0.144547752815709,74.42
"18089",0.00111621860929523,0.161305597821276,1,0,0.227481638022771,91.12
"18091",0.000941957477348165,0.136122989475872,1,0,0.17966323275417,83.55
"18093",0.00112411558553197,0.162446795846682,1,0,0.113076995916947,60.55
"18095",0.00109331072337007,0.157995161851828,1,0,0.168428990624159,81.48
"18097",0.00985628689881484,1.42433949521338,1,1,0.315561895819061,97.9
"18099",0.00097911227154047,0.141492256964523,1,0,0.131943119612498,69.81
"18101",0.0283830595597273,4.10165746400649,1,1,0.0521655507973126,9.51
"18103",0.00058167716917111,0.0840586088878914,1,0,0.0890357973577989,43.72
"18105",0.00218253199540248,0.315399353989219,1,0,0.155684247880882,77.89
"18107",0.00241879751209399,0.349542263001048,1,0,0.0954940939438481,48.78
"18109",0.00155098875533152,0.224134561374848,1,0,0.143346169849504,73.94
"18111",0,0,0,0,0.0652461762842039,20.65
"18113",0.00075642965204236,0.109312222728013,1,0,0.14260966140386,73.59
"18115",0.000668896321070234,0.0966627146798885,1,0,0.0815538488282547,36.81
"18117",0.00110919398570372,0.160290464138267,1,0,0.0669256132442527,22.05
"18119",0.000329055610398157,0.0475520758296918,1,0,0.0678562000180513,23.23
"18121",0.000235682300259251,0.0340586279628643,1,0,0.0879461087659379,42.83
"18123",0.000143184421534937,0.0206916893537276,1,0,0.0682943660159824,23.51
"18125",0.000993377483443709,0.14355373355606,1,0,0.063408322998509,18.93
"18127",0.00231042400559066,0.333881125380752,1,0,0.211662000515768,89.37
"18129",0.000401969651291328,0.058088939180558,1,0,0.0895140411100667,44
"18131",0.000159159637116027,0.0230002798736962,1,0,0.0615184419010565,17.34
"18133",0.000948628137769994,0.137086971672769,1,0,0.0897039246496704,44.26
"18135",0.00159626719056974,0.230677782392391,1,0,0.0859222074558086,40.73
"18137",0.000708940527766837,0.102449533361,1,0,0.111392404875714,59.31
"18139",0.000177904287493329,0.0257090835165332,1,0,0.0832051150021263,38.12
"18141",0.00287071866957038,0.414849732225952,1,0,0.241375747405702,92.62
"18143",0.000572278814238297,0.0827004454884018,1,0,0.0595480635344567,15.59
"18145",0.000923495674151842,0.133455060293683,1,0,0.107940702542067,57.11
"18147",0.000648256190846623,0.0936799938068412,1,0,0.0785095473788388,33.92
"18149",0.000200400801603206,0.0289600718329526,1,0,0.0802038021356184,35.57
"18151",0.00116874443455031,0.168896144666913,1,0,0.132888698956308,70.28
"18153",0.000305763644702645,0.044186136201325,1,0,0.0627969974071224,18.26
"18155",0.00151821862348178,0.219398924766852,1,0,0.0678320843489037,23.13
"18157",0.00373493401934162,0.539738147882443,1,0,0.147143258634119,75.25
"18159",0.00150687511772462,0.217759666146443,1,0,0.0797421679930652,35.28
"18161",0.000467726847521048,0.0675915614810258,1,0,0.116964325688492,62.55
"18163",0.00305050769163725,0.440831180165177,1,0,0.236505592754461,92.01
"18165",0.000210570646451885,0.0304297238253176,1,0,0.0541682054782711,10.91
"18167",0.000432245515452777,0.0624641272731503,1,0,0.171654902013196,82.02
"18169",0.00257051053195287,0.371466426567054,1,0,0.122758238610038,65.73
"18171",0.000366703337000367,0.052992577354761,1,0,0.103013881371569,54.06
"18173",0.00145652279458174,0.210483213739525,1,0,0.154326959966509,77.57
"18175",0.00131176213379974,0.189563740856712,1,0,0.0962062366882249,49.22
"18177",0.000522193211488251,0.0754625370477458,1,0,0.134747464259695,70.73
"18179",0.00119151640320915,0.172186939129121,1,0,0.106631068427967,56.35
"18181",0.00111697806661251,0.161415347574205,1,0,0.0933603465160408,47.12
"18183",0.000196232339089482,0.0283576841535387,1,0,0.101050809565388,52.53
"19001",0,0,0,0,0.0612363293221221,16.89
"19003",0.00391900718484651,0.56633870063919,1,0,0.0553012148675959,11.77
"19005",0.000338009126246409,0.0488459551956847,1,0,0.0849003567270676,39.77
"19007",0.000577256109293823,0.0834197181718876,1,0,0.092108224927594,45.78
"19009",0.00121802679658952,0.176017976183232,1,0,0.0634410528742491,18.99
"19011",0.000919238345370978,0.132839830482604,1,0,0.124103514472393,66.62
"19013",0.00270525482990072,0.39093842725983,1,0,0.169593627368076,81.67
"19015",0.000365363536719035,0.0527989617999391,1,0,0.114267822170165,61.15
"19017",0.000983459991059455,0.142120549209724,1,0,0.0914457361899214,45.12
"19019",0.00149925037481259,0.216657808765267,1,0,0.102873422298147,53.99
"19021",0.000242679178126517,0.03506975209022,1,0,0.0726506720756771,27.71
"19023",0.00105064089094348,0.151828912005078,1,0,0.0755321185811094,30.99
"19025",0.00145222189950624,0.209861688130167,1,0,0.0647261832033961,20.11
"19027",7.77604976671851e-05,0.011237228495057,1,0,0.10892659732898,57.78
"19029",0.0005932077710218,0.0857249049066785,1,0,0.0901490890073907,44.45
"19031",0.000784806152880239,0.113412932386151,1,0,0.101948233583863,53.32
"19033",0.00170860515688102,0.246911827106363,1,0,0.152435780853299,76.93
"19035",0.000345125107851596,0.0498742910945412,1,0,0.0736158071303613,28.99
"19037",0.000166638893517747,0.0240811128889241,1,0,0.0724931116283878,27.62
"19039",0.000570559147965006,0.0824519352109737,1,0,0.04507099413901,5.54
"19041",0.00912820512820513,1.31912384633154,1,1,0.142123268926986,73.43
"19043",0.000536408743462518,0.0775168343550668,1,0,0.0875957992396135,42.63
"19045",0.000231943220299671,0.0335182906820136,1,0,0.127633199090481,68.15
"19047",0.00066462847268377,0.0960459646726261,1,0,0.0735904222514848,28.89
"19049",0.00585849481748535,0.846615529429307,1,0,0.132537707838193,70.06
"19051",0.00146305779078274,0.211427590996976,1,0,0.0802715655060097,35.63
"19053",0,0,0,0,0.0746800844598035,30.26
"19055",0.000380035469977198,0.0549192140029516,1,0,0.096269804878778,49.38
"19057",0.00215093130749165,0.310832714611796,1,0,0.140085330895095,72.7
"19059",0.00239978668562794,0.346794994049747,1,0,0.112993816172139,60.45
"19061",0.00150340615456895,0.217258363649794,1,0,0.204169216822573,88.32
"19063",0.000257532835436518,0.0372162653737917,1,0,0.0772344531616482,32.71
"19065",0.000603937673632081,0.0872754912709465,1,0,0.0799664620403967,35.44
"19067",0.000149164677804296,0.0215559007229167,1,0,0.0813183461410684,36.68
"19069",0.000624739691795085,0.0902816066928988,1,0,0.063380067642997,18.9
"19071",0.000702493853178785,0.101517919526823,1,0,0.0489901383516297,7.51
"19073",0,0,0,0,0.0637402376417374,19.34
"19075",0.000198886237072395,0.0287412009638889,1,0,0.0619845437383453,17.72
"19077",0.00121418164157358,0.175462309915533,1,0,0.0918232853402714,45.47
"19079",0.00014172335600907,0.0204805496664446,1,0,0.0761684495612519,31.91
"19081",0.000142571998859424,0.0206031876883994,1,0,0.0599453556350377,15.91
"19083",0.000608939227865059,0.0879982696665651,1,0,0.0811804714542928,36.56
"19085",0.000594648166501487,0.0859330575499108,1,0,0.0713779484006083,26.28
"19087",0.000428954423592493,0.0619885290923038,1,0,0.0853848193885731,40.25
"19089",0,0,0,0,0.0719747015106793,27.01
"19091",0.000455788514129444,0.0658663438680188,1,0,0.0835132198258978,38.37
"19093",0,0,0,0,0.0533939150498324,10.4
"19095",0.000943752359380898,0.136382369239744,1,0,0.0670882553906943,22.3
"19097",0.000140036409466461,0.0202367677421136,1,0,0.0942045219757918,47.79
"19099",0.000735775016350556,0.106327405658756,1,0,0.139644345937758,72.61
"19101",0.00762721964009057,1.10221529502702,1,1,0.153614459178142,77.31
"19103",0.00219117212421398,0.316647945556845,1,0,0.12820477331957,68.37
"19105",0,0,0,0,0.105091725427118,55.42
"19107",0,0,0,0,0.0606351739344545,16.48
"19109",0.000129065565307176,0.0186513627318577,1,0,0.0972706555149675,49.92
"19111",0.000129349372655543,0.0186923759470228,1,0,0.0962606436455936,49.35
"19113",0.00643056166593342,0.929285343580598,1,0,0.254734130425572,94.11
"19115",0,0,0,0,0.0498043474932506,7.95
"19117",0.000250878073256397,0.0362545806438618,1,0,0.0675525492522246,22.84
"19119",0.000477554918815664,0.0690118235178764,1,0,0.0785286569726227,33.95
"19121",0.00276243093922652,0.399200990183517,1,0,0.118853895014573,63.98
"19123",0.000215982721382289,0.0312118268782793,1,0,0.0875112612701541,42.54
"19125",0.00237681689368315,0.343475611994448,1,0,0.0870401579780816,41.93
"19127",0.00044404973357016,0.0641699637861604,1,0,0.100357507988835,52.18
"19129",0.00443240581137651,0.640530325544397,1,0,0.098257335286459,50.62
"19131",0,0,0,0,0.0684375804787563,23.67
"19133",0,0,0,0,0.0598792954678751,15.84
"19135",0.000481927710843373,0.0696437390103293,1,0,0.0762173680287287,31.98
"19137",0.000777000777000777,0.11228497159785,1,0,0.0714280573989926,26.31
"19139",0.00193323881943549,0.27937380805471,1,0,0.107504631703201,56.86
"19141",0.00196129707112971,0.283428527287722,1,0,0.0846724149780547,39.48
"19143",0,0,0,0,0.0531094982389516,10.21
"19145",0.000826901874310915,0.119496217017448,1,0,0.0686959887813886,23.86
"19147",0.0013599274705349,0.196524150199139,1,0,0.0590773452386713,14.99
"19149",0.000661910715599029,0.0956532195350371,1,0,0.0775378790340549,33.09
"19151",0,0,0,0,0.0509433927865002,8.65
"19153",0.00510541659563772,0.737787624420613,1,0,0.320965281999966,98.03
"19155",0.00226214817070518,0.326904747866817,1,0,0.144153306251662,74.32
"19157",0.000825559316436886,0.119302202960813,1,0,0.0636261473835458,19.28
"19159",0,0,0,0,0.0694502921120242,24.69
"19161",0.00106128946670204,0.153367745764323,1,0,0.0748590166384085,30.48
"19163",0.0036506655909641,0.527560453384518,1,0,0.231519478942986,91.54
"19165",0.000157629255989912,0.0227791233364491,1,0,0.0918773781091148,45.53
"19167",0.000807072893356323,0.11663071594048,1,0,0.103354494930747,54.28
"19169",0.00234646679496269,0.33908969620943,1,0,0.118795935235671,63.95
"19171",0.000473036896877956,0.0683589207409807,1,0,0.0692807039378663,24.56
"19173",0.000793965859468043,0.114736608532301,1,0,0.0424937880618888,4.01
"19175",0.000149075730471079,0.0215430468763317,1,0,0.0738011288022075,29.3
"19177",0,0,0,0,0.064163206312255,19.63
"19179",0.00035900197451086,0.0518796476203315,1,0,0.111159345663825,59.05
"19181",0.00176856998484083,0.255577389874945,1,0,0.126077064313308,67.48
"19183",0.000293455932700773,0.0424075394051941,1,0,0.10294330073413,54.02
"19185",0.000391083300743058,0.0565157444061139,1,0,0.0519510983674697,9.23
"19187",0.00041392870078129,0.059817150492651,1,0,0.108976843846905,57.81
"19189",0.00570559147965006,0.824519352109737,1,0,0.0812633646373509,36.59
"19191",0.000629871663648532,0.091023231837766,1,0,0.106148856532174,56.03
"19193",0.00106681839194908,0.154166734945165,1,0,0.170510659819416,81.83
"19195",0,0,0,0,0.0667841755363046,21.79
"19197",0.000128024580719498,0.0185009292595613,1,0,0.0411095176228398,3.47
"20001",0.00145091084958891,0.209672227312252,1,0,0.0678435555257045,23.19
"20003",0.000341180484476288,0.0493042505787899,1,0,0.0927159053580412,46.36
"20005",0.000729820464165815,0.10546690880633,1,0,0.088966373535168,43.65
"20007",0,0,0,0,0.054981053623696,11.58
"20009",0.00210573813642175,0.304301815183886,1,0,0.111818763110196,59.56
"20011",0.00093984962406015,0.135818381998527,1,0,0.0871719555695104,42.19
"20013",0.0140241527074406,2.02664094432084,1,1,0.0661688602634063,21.35
"20015",0.00333160263066805,0.481452422999972,1,0,0.121226123361858,65.16
"20017",0.00109769484083425,0.158628713991694,1,0,0.0451529931443174,5.57
"20019",0,0,0,0,0.0454470912904539,5.7
"20021",0.000897531787584144,0.129702999353568,1,0,0.0668978298063558,21.99
"20023",0,0,0,0,0.0429405688344273,4.17
"20025",0,0,0,0,0.0420712705515906,3.88
"20027",0.000845070422535211,0.122121767701211,1,0,0.0727131734647582,27.81
"20029",0.0015600624024961,0.225445801008476,1,0,0.0828073457116181,37.77
"20031",0.0018210197710718,0.263156948263536,1,0,0.0528139624605176,10.09
"20033",0,0,0,0,0.0423228360670552,3.98
"20035",0.00150602409638554,0.217636684407279,1,0,0.0879588570164437,42.86
"20037",0.00117347936632114,0.169580393248308,1,0,0.0999743316710551,51.86
"20039",0,0,0,0,0.0415952835366832,3.72
"20041",0.00107555794568432,0.155429694483929,1,0,0.0849169791920204,39.83
"20043",0.000900630441308916,0.130150788153497,1,0,0.0528582669983605,10.12
"20045",0.00412437625173971,0.596016740257363,1,0,0.185459456002271,84.51
"20047",0.0222398729150119,3.21390090270066,1,1,0.0557961046848567,12.28
"20049",0,0,0,0,0.0503184165660067,8.34
"20051",0.00179321938918465,0.259139493991923,1,0,0.117302563729369,62.87
"20053",0.00121212121212121,0.175164555692646,1,0,0.0506683630886059,8.56
"20055",0.00038964412503247,0.0563077680326392,1,0,0.108028121415592,57.21
"20057",0.00024933925098489,0.036032204270292,1,0,0.0909749638676038,44.83
"20059",0.000929368029739777,0.134303678853562,1,0,0.0860896690138037,40.79
"20061",0.00494391216884312,0.714448497212071,1,0,0.0489456760896075,7.45
"20063",0,0,0,0,0.0299363437332645,0.73
"20065",0.00345125107851596,0.498742910945412,1,0,0.0471343393419642,6.59
"20067",0,0,0,0,0.0612040665111241,16.86
"20069",0.00023906287353574,0.0345471571710335,1,0,0.0441516599936725,4.93
"20071",0.00228571428571429,0.330310305020419,1,0,0.0373014315422226,2.35
"20073",0.000520833333333333,0.075266020024184,1,0,0.057045670772255,13.27
"20075",0,0,0,0,0.0269310688471418,0.41
"20077",0.000360490266762797,0.0520947218624489,1,0,0.0634901250831646,19.12
"20079",0.0017272222564925,0.249602198291292,1,0,0.105270424656105,55.55
"20081",0.000384024577572965,0.0554956829671403,1,0,0.0346166165622615,1.72
"20083",0,0,0,0,0.0344117643788177,1.62
"20085",0.00200722601364914,0.290065753605848,1,0,0.0567347941324204,12.95
"20087",0.0031198003327787,0.450844712291285,1,0,0.094987729760141,48.27
"20089",0,0,0,0,0.0359121842602557,2.04
"20091",0.0134082446130191,1.9376355984627,1,1,0.380024670982648,99.4
"20093",0,0,0,0,0.026256781375064,0.35
"20095",0.000312304809494066,0.0451314048864564,1,0,0.0564729258588837,12.69
"20097",0.00200267022696929,0.289407393417423,1,0,0.0324147554260538,1.11
"20099",0.000315192267283043,0.0455486736015234,1,0,0.0678203692716284,23.1
"20101",0,0,0,0,0.032101719330068,1.05
"20103",0.019413060967505,2.80539616418099,1,1,0.132746961136233,70.19
"20105",0,0,0,0,0.0504250900997613,8.4
"20107",0.000380083618396047,0.0549261719674775,1,0,0.0745134441240763,30.03
"20109",0,0,0,0,0.0435912868819596,4.52
"20111",0.000582445104548896,0.0841695838117731,1,0,0.0924657647297645,46.1
"20113",0.00187205819426615,0.270532549509262,1,0,0.0916094121200665,45.37
"20115",0.000665335994677312,0.0961482092125304,1,0,0.0666154513415795,21.73
"20117",0.000788177339901478,0.113900105179455,1,0,0.0693764475261907,24.66
"20119",0,0,0,0,0.0412692943985123,3.56
"20121",0.00359182169828698,0.519056877823807,1,0,0.130377892627493,69.07
"20123",0.00503044744506222,0.726953775610863,1,0,0.0589348011161692,14.89
"20125",0.00079032160009727,0.114209973846655,1,0,0.0848080933235794,39.68
"20127",0.000477099236641221,0.0689459725412372,1,0,0.0661442241545232,21.29
"20129",0.000946073793755913,0.136717841481961,1,0,0.0381196520691011,2.45
"20131",0.00145602795573675,0.210411704202728,1,0,0.0704473424766584,25.33
"20133",0.00176223397044869,0.25466176762961,1,0,0.0856847251371785,40.5
"20135",0,0,0,0,0.0431144100181823,4.3
"20137",0,0,0,0,0.051613632100644,9.07
"20139",0.0327421555252387,4.73159372812333,1,1,0.085262531657634,40.18
"20141",0.000677048070412999,0.0978407301600767,1,0,0.0426025404023713,4.07
"20143",0,0,0,0,0.0509993918750296,8.72
"20145",0.00067842605156038,0.0980398632608095,1,0,0.0443258115555337,5.06
"20147",0,0,0,0,0.0537328533632169,10.56
"20149",0.00213620439203623,0.308704516889757,1,0,0.0996318016946485,51.54
"20151",0.000358230342109977,0.051768138436838,1,0,0.0571807763380676,13.39
"20153",0,0,0,0,0.0422095581948402,3.91
"20155",0.00564128090260494,0.81522578184482,1,0,0.149665007994253,76.26
"20157",0.000423011844331641,0.06112976245619,1,0,0.0555106124025576,12.06
"20159",0.0055175457956301,0.797344727689435,1,0,0.0480595834394777,6.9
"20161",0.0037008180755746,0.534808026973555,1,0,0.155282744021435,77.82
"20163",0,0,0,0,0.0549491973370942,11.55
"20165",0,0,0,0,0.0310999914798216,0.89
"20167",0.00140154169586545,0.202537853463817,1,0,0.0573422182914662,13.49
"20169",0.00193219213235516,0.279222550510875,1,0,0.131138557457231,69.52
"20171",0.000326690623979092,0.0472103098485571,1,0,0.0470723701870292,6.55
"20173",0.00438716660747205,0.633992773876652,1,0,0.248223315831664,93.51
"20175",0.00155929421419778,0.225334789534857,1,0,0.0735256457221648,28.83
"20177",0.00606144478272903,0.875943982833349,1,0,0.18921010329785,85.4
"20179",0,0,0,0,0.0487118780879181,7.35
"20181",0.00962861072902338,1.39143783923663,1,1,0.0813568740715511,36.75
"20183",0,0,0,0,0.0467136735520203,6.33
"20185",0,0,0,0,0.0417472414555532,3.75
"20187",0,0,0,0,0.0301910754694109,0.8
"20189",0,0,0,0,0.0404657062587152,3.18
"20191",0.00172574007699456,0.24938800740789,1,0,0.0750421992548761,30.67
"20193",0.00367149758454106,0.530570900576277,1,0,0.0717782749820729,26.79
"20195",0,0,0,0,0.0508274667134379,8.59
"20197",0.000536480686695279,0.0775272309261981,1,0,0.0551830888882598,11.71
"20199",0,0,0,0,0.0571587349868586,13.33
"20201",0,0,0,0,0.05449866268831,11.23
"20203",0,0,0,0,0.051874886013624,9.16
"20205",0,0,0,0,0.062442978694564,18.04
"20207",0,0,0,0,0.0505826096174078,8.46
"20209",0.00219218837161508,0.316794804239546,1,0,0.182353713728494,84.12
"21001",0.000822097994080894,0.118802004641921,1,0,0.087542487471914,42.57
"21003",0.000671028350947827,0.0969708159345299,1,0,0.0759314690787146,31.59
"21005",0.00116978609625668,0.169046675990146,1,0,0.124314875846629,66.78
"21007",0.0024390243902439,0.352465264503496,1,0,0.0703286720792708,25.23
"21009",0.00175359203529811,0.253412915026554,1,0,0.137127095182875,71.87
"21011",0.00273972602739726,0.395919886154612,1,0,0.0859032290116656,40.66
"21013",0.0020874533069655,0.3016594606111,1,0,0.087369170851255,42.38
"21015",0.0029755732486948,0.430002346981804,1,0,0.199002373445639,87.4
"21017",0.000916905444126075,0.132502701154323,1,0,0.0844928246321108,39.33
"21019",0.000684709358895816,0.0989478687694055,1,0,0.148368888295559,75.69
"21021",0.000789553598542363,0.114098989359467,1,0,0.118266952443074,63.57
"21023",0.00103466114847387,0.149519667301017,1,0,0.0732150009104661,28.54
"21025",0.00029806259314456,0.0430732513998311,1,0,0.0604160162747837,16.32
"21027",0.00296108291032149,0.42790833719333,1,0,0.100052252396601,51.96
"21029",0.000987319120051834,0.142678234867356,1,0,0.120729145379615,64.94
"21031",0.00170648464163823,0.24660538984033,1,0,0.0906019563313056,44.58
"21033",0.00018152114721365,0.0262317586579113,1,0,0.069051701916508,24.21
"21035",0.00653703395933743,0.944671735453943,1,0,0.109542341606749,58.16
"21037",0.00393308220695768,0.568372692759626,1,0,0.207956172564381,88.86
"21039",0,0,0,0,0.0578699686283611,13.94
"21041",0.000124703828407532,0.0180210448243463,1,0,0.071214955344725,26.12
"21043",0.000721917412647993,0.104324832837448,1,0,0.0856240129487687,40.44
"21045",0.00145894122551063,0.21083270302731,1,0,0.0764073512117466,32.17
"21047",0.00384556222119674,0.555725113238091,1,0,0.0770787040679753,32.61
"21049",0.0182886570711739,2.64290770432207,1,1,0.129621596245431,68.82
"21051",0,0,0,0,0.0884903849162434,43.46
"21053",0.000496401092082403,0.0717352983104658,1,0,0.0669175689461031,22.02
"21055",0,0,0,0,0.079347839820016,34.93
"21057",0.000371057513914657,0.053621802763055,1,0,0.0592353506432684,15.27
"21059",0.00154117956621434,0.222717028015779,1,0,0.16250079827083,79.86
"21061",0.00139275766016713,0.201268465802832,1,0,0.075481516637593,30.93
"21063",0,0,0,0,0.041594769673126,3.69
"21065",0.000369959304476508,0.053463099684215,1,0,0.0738752444264108,29.43
"21067",0.00420230666760149,0.607278523759594,1,0,0.29533054694501,96.75
"21069",0.000743126083725539,0.107389713980505,1,0,0.0881929037369203,43.11
"21071",0.000318648928542978,0.046048198341889,1,0,0.0948872096967853,48.2
"21073",0.0092488338426894,1.33655599335208,1,1,0.15247819002535,76.96
"21075",0,0,0,0,0.0579354086425919,14.09
"21077",0.000351123595505618,0.0507411370949555,1,0,0.0456341354622681,5.76
"21079",0.00307864539602575,0.444897381167301,1,0,0.114069955986715,60.99
"21081",0.00156470035988108,0.226116035747822,1,0,0.110161780632913,58.42
"21083",0.000989469220439607,0.142988947505129,1,0,0.115335191692755,61.69
"21085",0.00206185567010309,0.297960326693677,1,0,0.0939812634006554,47.63
"21087",0.000841042893187553,0.121539746380516,1,0,0.0761120534687849,31.78
"21089",0.000365141187925998,0.0527668300072176,1,0,0.117311665225581,62.9
"21091",0,0,0,0,0.0499632554970218,8.08
"21093",0.00458376708418684,0.662403657877637,1,0,0.133557105253642,70.44
"21095",0.000137627305257363,0.0198886262656803,1,0,0.0673167097876898,22.53
"21097",0.000982800982800983,0.14202531542647,1,0,0.0781082599835091,33.63
"21099",0.000159438775510204,0.0230406183747502,1,0,0.0707240974710932,25.68
"21101",0.00177135197242436,0.25597941701063,1,0,0.115730117504884,62.07
"21103",0.00112391121101433,0.16241726153013,1,0,0.0886618732333747,43.49
"21105",0.00128617363344051,0.185865927262294,1,0,0.0406423804666236,3.25
"21107",0.000204478069727022,0.0295492809419146,1,0,0.0985489725491087,50.94
"21109",0,0,0,0,0.0874408995022781,42.44
"21111",0.00654025934861279,0.945137838904409,1,0,0.309296288105786,97.58
"21113",0.00328888087943774,0.47527867032752,1,0,0.177131747473983,83.3
"21115",0.000984898227183191,0.14232838980279,1,0,0.0893195691424202,43.84
"21117",0.0084940002696508,1.22747442121145,1,1,0.236783825919908,92.05
"21119",0.000361271676300578,0.0522076439474109,1,0,0.0691524489218452,24.44
"21121",0.0057771358737918,0.834858286769751,1,0,0.0957546625456908,48.9
"21123",0.00118413262285376,0.171119903429761,1,0,0.0851263749335554,40.06
"21125",0.00203792615108286,0.294502253750805,1,0,0.142892941879801,73.75
"21127",0.000423549343498518,0.0612074368684597,1,0,0.0559544636172314,12.34
"21129",0.00205233453052848,0.296584419592475,1,0,0.0554285796381029,11.87
"21131",0,0,0,0,0.0461226533666245,5.98
"21133",0.00104058272632674,0.150375399007735,1,0,0.0627592840705448,18.23
"21135",0.000410509031198686,0.0593229714476327,1,0,0.0736109938211279,28.95
"21137",0.0015748031496063,0.227575997553438,1,0,0.100809164917373,52.5
"21139",0,0,0,0,0.0585774175165161,14.67
"21141",0.000470189956742524,0.0679475072627578,1,0,0.104647952261363,55.14
"21143",0.00676818950930626,0.97807619929904,1,0,0.0739739149707659,29.56
"21145",0.00179154571843251,0.258897630562142,1,0,0.177004490137582,83.23
"21147",0,0,0,0,0.0630666463488582,18.45
"21149",0.000694203401596668,0.100319860080828,1,0,0.058153088255492,14.25
"21151",0.00326939843068875,0.47246324688241,1,0,0.154420508376802,77.63
"21153",0,0,0,0,0.0737370470219695,29.14
"21155",0,0,0,0,0.0632927516112744,18.74
"21157",0.000819305824519589,0.118398506100906,1,0,0.123386948332879,66.12
"21159",0.00179131213613972,0.258863875407852,1,0,0.0521670072051061,9.55
"21161",0.000225657226672684,0.0326098969753883,1,0,0.103075661154011,54.12
"21163",0.00649247822644497,0.938232952700517,1,0,0.105458265905459,55.65
"21165",0.00392156862745098,0.56670885665268,1,0,0.0769658843062917,32.45
"21167",0.000531067445565587,0.0767449593448929,1,0,0.0755856068091894,31.05
"21169",0.000746825989544436,0.107924390176575,1,0,0.0709918859697772,25.93
"21171",0,0,0,0,0.0632158568021693,18.58
"21173",0.00130287501085729,0.188279455979892,1,0,0.106372359519516,56.22
"21175",0.000261643118785976,0.0378102455380516,1,0,0.0593361710287355,15.34
"21177",0.00113448844884488,0.163945786191292,1,0,0.0815842442225424,36.84
"21179",0.00139920872334266,0.202200713835114,1,0,0.110172729785121,58.45
"21181",0,0,0,0,0.0786547455481024,34.08
"21183",0.000592417061611374,0.0856106388900671,1,0,0.0662671664560548,21.48
"21185",0.0030408134175892,0.439430253269907,1,0,0.208002485594914,88.9
"21187",0.000488758553274682,0.0706308692309058,1,0,0.071668340116151,26.6
"21189",0,0,0,0,0.0670459360772911,22.21
"21191",0.00110334681868334,0.159445485597389,1,0,0.0892166140038534,43.81
"21193",0.000725280038681602,0.104810768475937,1,0,0.0969628803303109,49.76
"21195",0.000180709283939462,0.0261144356804036,1,0,0.103653624670928,54.44
"21197",0.00146713615023474,0.212016957814603,1,0,0.0939326136445855,47.53
"21199",0.00702497395045545,1.01518431364675,1,1,0.16746951347239,81.26
"21201",0,0,0,0,0.0435992315564004,4.55
"21203",0.0040983606557377,0.592257206747677,1,0,0.0672249426470855,22.49
"21205",0.000225157610327229,0.0325376970383743,1,0,0.0742408340458861,29.88
"21207",0.000417304214772569,0.0603049485796772,1,0,0.0717142643761165,26.69
"21209",0.00151074625163902,0.21831908664446,1,0,0.0848801130103499,39.74
"21211",0.00131509731720147,0.190045710739654,1,0,0.152100804215467,76.81
"21213",0.000995421063109695,0.143849052803537,1,0,0.0915658896158545,45.34
"21215",0.00335457900033546,0.484772755606955,1,0,0.108232667190252,57.46
"21217",0.000149454491107458,0.0215977818631644,1,0,0.101404335890141,52.72
"21219",0.000262881177707676,0.0379891583718279,1,0,0.0847830481006427,39.58
"21221",0.00532319391634981,0.76925879020915,1,0,0.0848036757106095,39.64
"21223",0,0,0,0,0.0690974142956707,24.31
"21225",0.000160720025715204,0.0232257728136344,1,0,0.0572071005204478,13.43
"21227",0.00120679361288602,0.174394660286469,1,0,0.203820303913222,88.29
"21229",0.000227221086116792,0.0328358914897599,1,0,0.0720498803105956,27.2
"21231",0.000911023382933495,0.131652680030155,1,0,0.0824560434464495,37.45
"21233",0.000293083235638921,0.0423536806701153,1,0,0.0648508820414305,20.33
"21235",0.00233601770455523,0.337579690229573,1,0,0.0985995825071315,51
"21237",0.00329489291598023,0.476147474288083,1,0,0.0778976464013927,33.47
"21239",0.00219494350052841,0.31719295000843,1,0,0.11887297332187,64.02
"22001",0.000868709098279956,0.125537810661754,1,0,0.149601384601937,76.17
"22003",0.000121285627653123,0.0175270780408045,1,0,0.0579282828620625,14.06
"22005",0.00182658025536997,0.263960498066794,1,0,0.181473324112027,84
"22007",0,0,0,0,0.0781356808778125,33.66
"22009",0.000604490500863558,0.0873553807534571,1,0,0.0943107579553432,47.82
"22011",0.000856734888148501,0.12380740847386,1,0,0.10812051202054,57.33
"22013",0,0,0,0,0.0482583478704177,7.03
"22015",0.00267192683582892,0.386122173559017,1,0,0.188197058282425,85.21
"22017",0.00149796878688952,0.216472605522488,1,0,0.227512818621975,91.15
"22019",0.000602569601895541,0.08707779018669,1,0,0.185072576487033,84.41
"22021",0.00113981762917933,0.164715910083321,1,0,0.0686818611366626,23.8
"22023",0,0,0,0,0.0521186451087754,9.45
"22025",0,0,0,0,0.097380477555566,50.02
"22027",0.000285714285714286,0.0412887881275524,1,0,0.0722914863754837,27.49
"22029",0,0,0,0,0.0851924649065933,40.12
"22031",0.000508957654723127,0.073549856701157,1,0,0.0776373281142758,33.25
"22033",0.0027321236590073,0.394821262132589,1,0,0.237698340755974,92.24
"22035",0,0,0,0,0.0573751470016962,13.59
"22037",0.000168321831341525,0.0243243155102564,1,0,0.0774061183973784,32.93
"22039",0.000660647434485796,0.0954706618232327,1,0,0.0759958076355155,31.66
"22041",0.000176304654442877,0.0254779193311765,1,0,0.075868872257806,31.47
"22043",0.000959923206143509,0.13871923057013,1,0,0.0557496199240997,12.22
"22045",0.000287759433113917,0.0415843339294078,1,0,0.135123770654635,70.89
"22047",0.000279064575542781,0.0403278334672192,1,0,0.0730263182537614,28.35
"22049",0.000440528634361233,0.0636611270689133,1,0,0.0671195081756758,22.34
"22051",0.00226587534841389,0.327443365144367,1,0,0.332476170262147,98.31
"22053",0.000215796288303841,0.0311848852927133,1,0,0.110668481546922,58.86
"22055",0.00790712555418438,1.14266471096636,1,1,0.264374465798876,95.04
"22057",0.000749915957694396,0.108370923817501,1,0,0.115289816352839,61.63
"22059",0.000192678227360308,0.0278440767719525,1,0,0.0532125225578397,10.34
"22061",0.000879303961495742,0.127068882380703,1,0,0.140133250305786,72.73
"22063",0.00126136542807589,0.182280874689357,1,0,0.163431074387369,80.21
"22065",0,0,0,0,0.0539288455199483,10.75
"22067",0,0,0,0,0.091078871134939,44.89
"22069",0.000610165354811154,0.0881754582014969,1,0,0.0884101867070838,43.33
"22071",0.00287498132394022,0.415465731641932,1,0,0.242094291570711,92.75
"22073",0.00106085200475466,0.153304527806515,1,0,0.198000341663778,87.31
"22075",0.000716435019343746,0.10353256802295,1,0,0.103880909213843,54.6
"22077",0.000149588631264024,0.0216171665589279,1,0,0.0802704252779648,35.6
"22079",0.00119269942405173,0.172357898368339,1,0,0.155262444914016,77.79
"22081",0.00100569896077774,0.145334319590781,1,0,0.0620976672350208,17.88
"22083",0.000138255219134522,0.0199793665763076,1,0,0.0736874343590353,29.08
"22085",0.000324939073923639,0.0469571920215868,1,0,0.0803518301185966,35.7
"22087",0.000602046959662854,0.0870022627612482,1,0,0.135215632033988,70.95
"22089",0.000668002672010688,0.0965335727765085,1,0,0.137415728574286,72
"22091",0,0,0,0,0.073162844394876,28.41
"22093",0.00046264168401573,0.0668567006460482,1,0,0.0788623362506192,34.46
"22095",0.000992588671254632,0.143439741708344,1,0,0.124683179057597,67.01
"22097",0.000585865983156353,0.0846639375738898,1,0,0.130636801323415,69.2
"22099",0.00224093440173842,0.323839130023924,1,0,0.120574157478576,64.81
"22101",9.12991874372318e-05,0.0131937148220974,1,0,0.119258854752413,64.24
"22103",0.00321215294107208,0.464190657760267,1,0,0.293407924931667,96.63
"22105",0.00132582035134239,0.191595304536206,1,0,0.171903337938503,82.06
"22107",0,0,0,0,0.0492823328620709,7.6
"22109",0.00151342463705835,0.21870614215282,1,0,0.150304997023598,76.49
"22111",0.000460687960687961,0.0665743666061578,1,0,0.0836084716749312,38.43
"22113",0.000833386755561254,0.120433352125369,1,0,0.123949559795038,66.53
"22115",0.00309315866084425,0.446994704073756,1,0,0.0642331662352948,19.66
"22117",0.000300345397206788,0.0434031411462482,1,0,0.0804901378418831,35.89
"22119",0.000481231953801732,0.0695431946325473,1,0,0.0961761337558833,49.16
"22121",0.000943205551438388,0.136303349609248,1,0,0.114945392364213,61.53
"22123",0,0,0,0,0.0655287743739095,20.9
"22125",0.00125358166189112,0.181156036734426,1,0,0.0526925411384074,9.96
"22127",0,0,0,0,0.0595697326510338,15.62
"23001",0.00143989793128588,0.208080742135573,1,0,0.204457333587202,88.36
"23003",0.000876749283426066,0.126699703915268,1,0,0.114883225793315,61.44
"23005",0.00758959878935518,1.09677867735385,1,1,0.322756236976959,98.09
"23007",0.00121241513094083,0.175207030124192,1,0,0.125920267088338,67.42
"23009",0.000953320184089415,0.137765022845055,1,0,0.15601126255214,78.11
"23011",0.00149846619262359,0.216544486002374,1,0,0.162716761196358,79.99
"23013",0.00109154762469745,0.157740375125431,1,0,0.184862460307606,84.35
"23015",0.00149925037481259,0.216657808765267,1,0,0.170439151579231,81.8
"23017",0.00132508833922261,0.191489520909585,1,0,0.118444130477153,63.73
"23019",0.00171283884420614,0.247523640472741,1,0,0.200282474402354,87.78
"23021",0.000948017064307158,0.136998664983188,1,0,0.101127079998168,52.56
"23023",0.00280012218714998,0.40464778100773,1,0,0.121797727775221,65.42
"23025",0.000805066552168313,0.116340778053698,1,0,0.127280724306464,67.99
"23027",0.00251713047126276,0.363752433510809,1,0,0.155491278365033,77.86
"23029",0.00105049898701883,0.151808405361302,1,0,0.114363905577962,61.22
"23031",0.00440287368048024,0.636262614910038,1,0,0.213224824221309,89.82
"24001",0.000407636388341599,0.0589078436496093,1,0,0.147162082459367,75.28
"24003",0.0206908929783332,2.99005663723291,1,1,0.244885913113888,93.16
"24005",0.00850316149313316,1.22879831656518,1,1,0.314015709427854,97.84
"24009",0.00339189755707153,0.490165688545012,1,0,0.196385360594991,86.8
"24011",0.000181126607498642,0.0261747434244581,1,0,0.112206346549387,59.82
"24013",0.00660301597216026,0.954206846170792,1,0,0.194262357644661,86.41
"24015",0.00116079417668255,0.167747246872598,1,0,0.135586141009371,71.14
"24017",0.00682573715994256,0.986392453939303,1,0,0.180981876793933,83.84
"24019",0.00192321390412423,0.277925099939718,1,0,0.125593215820238,67.17
"24021",0.0148850784385261,2.15105397468605,1,1,0.279960014593044,95.99
"24023",0.0030886895131637,0.446348864152831,1,0,0.162906132604741,80.08
"24025",0.0167293782593525,2.4175751405963,1,1,0.237183458895311,92.14
"24027",0.0410320432792343,5.92957169488902,1,1,0.339570539829066,98.5
"24029",0.000558909009613235,0.0807683648817534,1,0,0.132086210413541,69.84
"24031",0.0219597118861891,3.17341461993834,1,1,0.287385534724462,96.4
"24033",0.0155678060684265,2.24971546229531,1,1,0.250093673468353,93.67
"24035",0.00482540341410263,0.69732270718198,1,0,0.193619992326015,86.26
"24037",0.024083206312203,3.48028240999838,1,1,0.11627369849801,62.27
"24039",0.00684178375076359,0.98871135894933,1,0,0.0793558773905375,34.97
"24041",0.00102055693249745,0.147481456352972,1,0,0.208942927773419,89.09
"24043",0.00182492158540063,0.263720802411512,1,0,0.219764373568698,90.55
"24045",0.000315072269701863,0.0455313326600554,1,0,0.180281616550579,83.71
"24047",0.00405475654132733,0.585955943102848,1,0,0.149565120864692,76.11
"24510",0.00555062109802407,0.802124464724233,1,0,0.19415027755927,86.38
"25001",0.00103627868749944,0.149753419092419,1,0,0.217777946764004,90.2
"25003",0.00112014730704312,0.161873336912531,1,0,0.206145429588687,88.58
"25005",0.00145930702636613,0.210885565186378,1,0,0.267586011397861,95.13
"25007",0.000253656886784476,0.0366561490943857,1,0,0.162491283253797,79.83
"25009",0.00346956825577078,0.501389940123105,1,0,0.309097689940009,97.55
"25011",0.000788103070175439,0.113889372405015,1,0,0.17334835216597,82.41
"25013",0.00160103038380008,0.231366115058733,1,0,0.229442646276532,91.28
"25015",0.000975609756097561,0.140986105801398,1,0,0.186444922504801,84.76
"25017",0.0121773735619295,1.75976148931997,1,1,0.318064699792795,97.96
"25019",0.000195637288467182,0.0282716929367961,1,0,0.152218349709794,76.9
"25021",0.00570597159441001,0.824574282781995,1,0,0.37768836287397,99.33
"25023",0.00262190494799358,0.378893472609009,1,0,0.305338132204864,97.42
"25025",0.0121987619554356,1.76285234228749,1,1,0.260711790073186,94.62
"25027",0.00635755726956999,0.918735422892194,1,0,0.276905270241466,95.77
"26001",0.00109289617486339,0.157935255132714,1,0,0.109918245428051,58.32
"26003",0.00033255736614566,0.0480581172086575,1,0,0.0889109384667346,43.62
"26005",0.000298704900893981,0.0431660717798559,1,0,0.187560792320225,85.05
"26007",0.0004510599909788,0.0651830214011878,1,0,0.132525990856742,70.03
"26009",0.000161368404066484,0.0233194704609381,1,0,0.114909956969337,61.5
"26011",0.0013080444735121,0.189026498948899,1,0,0.0792811901062771,34.81
"26013",0.000310848616723656,0.0449209693647601,1,0,0.0527427834485959,9.99
"26015",0.000709265587723257,0.102496508021843,1,0,0.137700627907956,72.03
"26017",0.000506937033084312,0.0732578551355985,1,0,0.172179664007278,82.12
"26019",0.00051975051975052,0.0751095418120755,1,0,0.117858391966679,63.25
"26021",0.00100346786689294,0.145011902521323,1,0,0.185375918361601,84.47
"26023",0.000416964498451275,0.0602558559164303,1,0,0.115647687530444,61.95
"26025",0.00744387686517005,1.07572029156758,1,1,0.168470875913166,81.55
"26027",0.000446548182548897,0.0645310165430174,1,0,0.128150077053128,68.25
"26029",0.000325494344535764,0.0470374345988879,1,0,0.139521687932145,72.54
"26031",0.000410284463894967,0.05929051905625,1,0,0.143595196823563,74.13
"26033",0.000424868998725393,0.0613981412461832,1,0,0.102155790480712,53.45
"26035",0.000481811611659841,0.069626961429262,1,0,0.111305642526344,59.21
"26037",0.00109875017167971,0.158781220652584,1,0,0.167512244167189,81.29
"26039",0.000882028665931643,0.127462631485277,1,0,0.0745485996175883,30.07
"26041",0.000397350993377483,0.0574214934224238,1,0,0.153197823661535,77.19
"26043",0.000272275542849364,0.0393467452035759,1,0,0.129977717040032,68.92
"26045",0.0015529829373563,0.224422742131728,1,0,0.158303967342821,78.68
"26047",0.00199774613256838,0.288695808800886,1,0,0.153942327109974,77.44
"26049",0.000849680199106163,0.122787930009748,1,0,0.212051758870989,89.53
"26051",0.000368595650571323,0.0532660370241184,1,0,0.101301071068921,52.69
"26053",0.000360880548538434,0.0521511217778539,1,0,0.101413695593837,52.75
"26055",0.00193491031429219,0.279615357044191,1,0,0.240750438663935,92.52
"26057",7.05517144066601e-05,0.0101954817586026,1,0,0.104295721840617,54.88
"26059",0.00135391280801516,0.195654966756611,1,0,0.0994827243505521,51.45
"26061",0.00155071544371608,0.224095064906008,1,0,0.129997273136555,68.95
"26063",0.00465404902264971,0.67256015410999,1,0,0.107910724876133,57.08
"26065",0.0047545073671327,0.687077465663501,1,0,0.182648505859029,84.19
"26067",9.43040362127499e-05,0.0136279477976644,1,0,0.0924865869454429,46.17
"26069",0.000116171003717472,0.0167879598566953,1,0,0.0918462320579995,45.5
"26071",0.000262743037309511,0.037969195598117,1,0,0.0900601213823906,44.42
"26073",0.000236326806212019,0.0341517660069221,1,0,0.121012759749919,65.07
"26075",0.00831868203425148,1.2021390500444,1,1,0.187170805034023,84.92
"26077",0.00126786012541946,0.183219428328356,1,0,0.239604343441747,92.4
"26079",0.000178858880343409,0.0258470324533059,1,0,0.0861876550260263,40.85
"26081",0.00344749645046117,0.49820032679753,1,0,0.297588430552851,96.88
"26083",0,0,0,0,0.0548549168734752,11.45
"26085",0.000946521533364884,0.13678254467244,1,0,0.0787327250787345,34.23
"26087",0.0029548498936254,0.42700759922317,1,0,0.176810273376525,83.2
"26089",0.000368958307711229,0.0533184448824622,1,0,0.137249311024993,71.97
"26091",0.000305219249160647,0.044107465188656,1,0,0.159449816309147,79.03
"26093",0.00273747604708459,0.395594739793138,1,0,0.254650839701045,94.08
"26095",0,0,0,0,0.0882626017983623,43.18
"26097",0.000189178963299281,0.0273383954684891,1,0,0.0844827710640372,39.29
"26099",0.00208781678604696,0.301711987248841,1,0,0.256075844683608,94.27
"26101",0.000360187297394645,0.0520509395292712,1,0,0.0935547402354457,47.25
"26103",0.00104051054384018,0.150364967861855,1,0,0.146088842801194,74.83
"26105",0.000350201365785327,0.0506078649786143,1,0,0.112343363432609,59.97
"26107",0.000285979838421391,0.0413271633506637,1,0,0.101477628573287,52.85
"26109",0.000385109114249037,0.0556524101847625,1,0,0.0874281082468061,42.41
"26111",0.000960412274537362,0.138789906214658,1,0,0.136258598477746,71.49
"26113",0.000208463623097769,0.0301252362823501,1,0,0.0845645076612151,39.39
"26115",0.00109136945038634,0.157714627020598,1,0,0.162777298454971,80.05
"26117",0.000420035703034758,0.0606996780201337,1,0,0.10824299183143,57.49
"26119",0.000431034482758621,0.0622891200200143,1,0,0.0608810483078514,16.61
"26121",0.000419772743721503,0.0606616775703346,1,0,0.172953413677093,82.28
"26123",0.000290170475154153,0.0419327554432886,1,0,0.121794016629984,65.38
"26125",0.0084552981835779,1.22188155339959,1,1,0.413516185762428,99.78
"26127",0.000263713080168776,0.0381093772274349,1,0,0.0912041606092925,44.96
"26129",0.000149053510210165,0.0215398358095742,1,0,0.115269017695007,61.6
"26131",0,0,0,0,0.0652067114596609,20.62
"26133",0.000335457900033546,0.0484772755606955,1,0,0.0838925322519302,38.59
"26135",0.000575705238917674,0.0831956007175782,1,0,0.0929851109857588,46.61
"26137",0.000685635927322592,0.0990817678755113,1,0,0.110353468082261,58.61
"26139",0.00266599563375205,0.385265051048388,1,0,0.227181165992683,91.06
"26141",0.00032520325203252,0.0469953686004661,1,0,0.0808512856503949,36.24
"26143",0.000557180665830896,0.0805186006109114,1,0,0.10370618882898,54.47
"26145",0.000893655049151028,0.1291427689423,1,0,0.194006801872061,86.29
"26147",0.00175072947061276,0.252999243632772,1,0,0.213152261766277,89.79
"26149",0.000288148849462808,0.0416406087813375,1,0,0.125820837159787,67.36
"26151",0.000408763897972531,0.0590707809215309,1,0,0.133218638597057,70.38
"26153",0,0,0,0,0.081869828337705,37.07
"26155",0.00221406199373582,0.319955777962186,1,0,0.145837173666818,74.74
"26157",0.000141442715700141,0.0204399941225507,1,0,0.117621681555761,63.12
"26159",0.000242747906299308,0.0350796840505967,1,0,0.128160173502372,68.31
"26161",0.00327934790638878,0.473901053161965,1,0,0.207549369181899,88.74
"26163",0.00434917715065874,0.628502888659592,1,0,0.271603154328579,95.35
"26165",0.000489407816541984,0.070724694758095,1,0,0.12775860469132,68.22
"27001",0.00039032006245121,0.0564054482616835,1,0,0.100790192831253,52.47
"27003",0.000983606557377049,0.142141729619443,1,0,0.252077528832801,93.76
"27005",0.000230467849734962,0.033305083762718,1,0,0.136300665501117,71.52
"27007",8.75771773875728e-05,0.012655844326876,1,0,0.14005854807475,72.67
"27009",5.09528176908183e-05,0.007363230329483,1,0,0.120454563764825,64.75
"27011",0.000478927203065134,0.0692101333555715,1,0,0.0793790804357525,35.06
"27013",0.000767358751178444,0.110891595133305,1,0,0.172965737389752,82.31
"27015",0.00125437380339341,0.181270509703719,1,0,0.0922908111781684,45.94
"27017",0.000607123583378305,0.0877358895047153,1,0,0.0872718776735761,42.28
"27019",0.00205134849171903,0.296441926376264,1,0,0.206649811788954,88.71
"27021",0.000490837696335079,0.0709313277714823,1,0,0.0942019697101368,47.76
"27023",0.000164284540824708,0.0237408835956026,1,0,0.0770030799702321,32.52
"27025",0.000648929266709929,0.0937772605103395,1,0,0.13867821930315,72.29
"27027",0.00419938688951413,0.606856584413695,1,0,0.136228781705772,71.46
"27029",0,0,0,0,0.0648076957354902,20.2
"27031",0,0,0,0,0.0982509449674723,50.56
"27033",0,0,0,0,0.0561191728918353,12.41
"27035",0.00147787533686864,0.213568885820166,1,0,0.182331829914022,84.09
"27037",0.00512705878995705,0.740915154336146,1,0,0.301073615209686,97.01
"27039",0.000287397614599799,0.0415320472615126,1,0,0.0825533909988162,37.58
"27041",0.00128783000643915,0.186105290980597,1,0,0.157199705182124,78.33
"27043",0.000190766882869134,0.0275678669298804,1,0,0.0683571810392464,23.61
"27045",0.000131319763624425,0.0189771186403721,1,0,0.11741480412688,62.93
"27047",7.47607655502392e-05,0.010803734931701,1,0,0.106700187344158,56.41
"27049",0.00101223112610713,0.146278287756828,1,0,0.128634273324673,68.6
"27051",0,0,0,0,0.0690099893415004,24.18
"27053",0.00873519564239668,1.26232974746072,1,1,0.389046378148437,99.55
"27055",0.000999333777481679,0.144414482125017,1,0,0.0987409912613622,51.07
"27057",0.000654278984559016,0.0945503522941856,1,0,0.116600451965289,62.39
"27059",0.000590580245090802,0.0853451991415522,1,0,0.127522697964884,68.09
"27061",5.37345513164965e-05,0.0077652207655257,1,0,0.127179186489827,67.93
"27063",0,0,0,0,0.0502698829722243,8.3
"27065",0.000815328169588259,0.117823692169941,1,0,0.0721411485147204,27.3
"27067",0.000833428041065273,0.120439318324868,1,0,0.113708394077649,60.87
"27069",0,0,0,0,0.0676532616992347,22.91
"27071",0.000203376042302217,0.0293900261229272,1,0,0.0786570815717503,34.11
"27073",0.000382848392036753,0.0553257115032287,1,0,0.0806562198493006,36.11
"27075",0.000226603217765692,0.0327466028657225,1,0,0.0865293092586993,41.08
"27077",0,0,0,0,0.0660225434686579,21.16
"27079",0.000301628795495677,0.0435886060063643,1,0,0.111561328131218,59.34
"27081",0.000937207122774133,0.135436512133489,1,0,0.0708696450340759,25.9
"27083",6.59326168655634e-05,0.00952797246960066,1,0,0.090802349853681,44.7
"27085",0.0011893300107606,0.17187098189812,1,0,0.119256395584925,64.21
"27087",0,0,0,0,0.0434023464871704,4.39
"27089",0,0,0,0,0.0553281792556384,11.84
"27091",0.0001057753331923,0.0152856736245434,1,0,0.0870925206546521,42.03
"27093",0.000107319167203263,0.015508774248383,1,0,0.099526410569721,51.48
"27095",9.44554642486068e-05,0.0136498307779761,1,0,0.101996158096028,53.36
"27097",0.00129169515994225,0.186663847244842,1,0,0.130791046206593,69.36
"27099",0.000107590510516972,0.0155479862764466,1,0,0.0934208741398808,47.18
"27101",0,0,0,0,0.0723325768552606,27.55
"27103",0.0019066363244972,0.27552946133461,1,0,0.0981822666056579,50.46
"27105",9.08677873693776e-05,0.013131372871098,1,0,0.067753404053862,23.04
"27107",0,0,0,0,0.0578796495821864,14
"27109",0.000894082797485731,0.129204583178572,1,0,0.117434662245034,62.97
"27111",0.000373538530499421,0.0539803363514375,1,0,0.137125103934801,71.84
"27113",0.000287686996547756,0.0415738660662926,1,0,0.065320149077934,20.74
"27115",0.000111049416990561,0.0160478354743402,1,0,0.109199197269988,57.97
"27117",0,0,0,0,0.0746213177768798,30.16
"27119",6.76864762420468e-05,0.00978142401830467,1,0,0.0875824318672534,42.6
"27121",0.00283393160778387,0.409533606026166,1,0,0.0849170676812834,39.87
"27123",0.00349989952441557,0.505773134759605,1,0,0.261082075735398,94.69
"27125",0,0,0,0,0.0543134302733311,11.01
"27127",0.000426985482493595,0.0617039959207657,1,0,0.092522974031791,46.2
"27129",0.00611442713640996,0.883600502948056,1,0,0.0600631953605652,16.1
"27131",0.000469366042931347,0.0678284428530102,1,0,0.118316724043942,63.63
"27133",0.0058465855940131,0.844894518512823,1,0,0.0737637625026459,29.18
"27135",0,0,0,0,0.0500293979339668,8.11
"27137",0.00361871473890166,0.522943211519965,1,0,0.179253416734073,83.49
"27139",0.000920161603381594,0.13297325119796,1,0,0.181863914717511,84.06
"27141",0.00299718446308014,0.433125399963576,1,0,0.16480038531932,80.66
"27143",0.000386249517188104,0.0558172106784215,1,0,0.0780696627228186,33.6
"27145",0.000580425161430748,0.0838776802997508,1,0,0.207672732893794,88.77
"27147",0.000381370071983601,0.055112078351121,1,0,0.114380660237562,61.25
"27149",0.000138331719463273,0.0199904216968368,1,0,0.0528103987732589,10.05
"27151",0,0,0,0,0.0680720137278512,23.42
"27153",0.000234192037470726,0.0338432689570101,1,0,0.0828968475443675,37.83
"27155",0,0,0,0,0.0867119929112945,41.33
"27157",0.000128716694555284,0.018600947154902,1,0,0.0870049224480323,41.81
"27159",0.000157579577686732,0.0227719442871783,1,0,0.0860036242203055,40.76
"27161",0.000616048051748036,0.0890255711975563,1,0,0.1015074690479,53.01
"27163",0.00352378323672831,0.509224588140435,1,0,0.212025518418712,89.5
"27165",0,0,0,0,0.0931241659998579,46.8
"27167",0,0,0,0,0.0722027257109557,27.36
"27169",0.000548245614035088,0.079227389499141,1,0,0.13370761281322,70.47
"27171",0.00146491353437187,0.211695765910525,1,0,0.177610279376398,83.36
"27173",0.000229305205228159,0.0331370691232362,1,0,0.0708168827599426,25.8
"28001",0.000769625448948179,0.111219157347178,1,0,0.122151793424951,65.54
"28003",0.000135153399107988,0.0195311202117088,1,0,0.115428892627165,61.79
"28005",0,0,0,0,0.0540259657120497,10.85
"28007",0.000190803281816447,0.0275731269693633,1,0,0.0868655271311427,41.65
"28009",0,0,0,0,0.0669584871133895,22.08
"28011",0.00299110751818917,0.432247216048345,1,0,0.0937120247529313,47.34
"28013",8e-04,0.115608606757147,1,0,0.0668047436126245,21.83
"28015",0,0,0,0,0.0868609503661878,41.58
"28017",0.000377786173026067,0.0545941663945724,1,0,0.0770750867850187,32.58
"28019",0.000380807311500381,0.0550307534068672,1,0,0.0503602814645515,8.37
"28021",0.000822593912805045,0.118873670232876,1,0,0.0433587422294922,4.36
"28023",0.000551116009920088,0.079642192585524,1,0,0.0569599381584367,13.14
"28025",0.000258031221777835,0.0372882875619748,1,0,0.0788909218092032,34.58
"28027",0.00505836575875486,0.730988272297133,1,0,0.0903097083360614,44.48
"28029",0.000260416666666667,0.037633010012092,1,0,0.0738758790519604,29.46
"28031",0.000143740117866897,0.0207719934521249,1,0,0.0648971261053811,20.39
"28033",0.00076314610008116,0.110282821728166,1,0,0.16275793004447,80.02
"28035",0.000682826903379993,0.0986758336950722,1,0,0.133723390536863,70.51
"28037",0,0,0,0,0.0526034354526036,9.83
"28039",0.000315059861373661,0.0455295395231359,1,0,0.0868069495741299,41.43
"28041",0.000426803243704652,0.0616776604551572,1,0,0.0557400802565072,12.12
"28043",0.00127401019208154,0.184108179126189,1,0,0.0927603978986077,46.39
"28045",0.0224302366654892,3.24141051266284,1,1,0.123169996929909,65.89
"28047",0.0025418545982723,0.367325335856884,1,0,0.165921870694415,80.88
"28049",0.00192027224112786,0.277499997989019,1,0,0.176568687543538,83.17
"28051",0.00130039011703511,0.18792036208899,1,0,0.0793261876450154,34.9
"28053",0.000394166338194718,0.056961276486572,1,0,0.0542329802936572,10.94
"28055",0,0,0,0,0.0440269340278456,4.87
"28057",0.00132139186609896,0.190955340774908,1,0,0.0810932887754428,36.43
"28059",0.00279056788056369,0.403267080916515,1,0,0.100423097189677,52.24
"28061",0.00021953896816685,0.0317257427983388,1,0,0.0515198904443543,9.04
"28063",0,0,0,0,0.0550999186845567,11.64
"28065",0.000469483568075117,0.0678454265006729,1,0,0.0538159280366223,10.63
"28067",0.000822732738434276,0.118893732029848,1,0,0.095842672201201,49.03
"28069",0,0,0,0,0.0591923474434421,15.18
"28071",0.00219373414684308,0.317018185390133,1,0,0.1401907874686,72.86
"28073",0.00089804994868286,0.129777879206941,1,0,0.146055509688124,74.8
"28075",0.00228891149542218,0.330772336220219,1,0,0.148352526993759,75.66
"28077",0.00191143676330041,0.276223176386938,1,0,0.0637576703120664,19.41
"28079",0.000485201358563804,0.0701168163252951,1,0,0.0539706509002159,10.82
"28081",0.00337114162306423,0.487166232779351,1,0,0.164184630665407,80.5
"28083",7.01803635342831e-05,0.0101418175623857,1,0,0.093197826276662,46.93
"28085",0.000275919155687384,0.0398732864582833,1,0,0.0981972445182748,50.49
"28087",0.00156865362792871,0.226687325511727,1,0,0.141444984310252,73.27
"28089",0.00392633722548603,0.567397970371451,1,0,0.195828321312704,86.7
"28091",0.000312662845231892,0.0451831449024804,1,0,0.082690956157636,37.67
"28093",0.000152706726731313,0.0220677648998142,1,0,0.085472638161819,40.34
"28095",0.00057191878753217,0.0826484177560385,1,0,0.0930917634535969,46.74
"28097",0,0,0,0,0.0604654337667728,16.35
"28099",0,0,0,0,0.0635230677265404,19.15
"28101",0.000485908649173955,0.0702190274278101,1,0,0.0598688142582719,15.81
"28103",0.000366568914956012,0.0529731519231793,1,0,0.0632975497330428,18.77
"28105",0.00296673909409995,0.428725716601068,1,0,0.0855585689146826,40.38
"28107",0.000165398610651671,0.0239018786712592,1,0,0.0958186070409101,48.97
"28109",0.000566532115289286,0.0818699856647168,1,0,0.118366343271539,63.7
"28111",0,0,0,0,0.0679109691380584,23.26
"28113",0.000791042959717658,0.11431421807251,1,0,0.0953682648385976,48.68
"28115",0.00219397790891209,0.317053411631606,1,0,0.0829238343179432,37.86
"28117",0.000243724104313917,0.0352207551660817,1,0,0.0884574571674746,43.4
"28119",0,0,0,0,0.056248585536773,12.47
"28121",0.00211796675191816,0.306068981684022,1,0,0.206381558258064,88.64
"28123",0,0,0,0,0.0444863067303992,5.15
"28125",0,0,0,0,0.0493886655588417,7.7
"28127",0.000225199864880081,0.0325438032758548,1,0,0.0712517330737965,26.19
"28129",0,0,0,0,0.0566763690936925,12.89
"28131",0.000175469380593087,0.0253572132736328,1,0,0.0806484997881234,36.05
"28133",0.000103434009102193,0.0149473271045132,1,0,0.0548678572098664,11.49
"28135",0,0,0,0,0.0443983058603383,5.12
"28137",0.00345167652859961,0.498804393059681,1,0,0.081945131425919,37.1
"28139",0.000121536217792902,0.0175632910119632,1,0,0.0662946111275861,21.51
"28141",0.000147732309055991,0.0213489080287241,1,0,0.0836429857273888,38.47
"28143",0,0,0,0,0.0401856059109544,3.09
"28145",7.33299112708074e-05,0.010596961094554,1,0,0.0762251758391803,32.04
"28147",0.000341763499658237,0.0493885025449191,1,0,0.0806862213370074,36.14
"28149",0.00298996913580247,0.432082707546241,1,0,0.0948100682183126,48.11
"28151",0.00112313057870781,0.162304451763447,1,0,0.120203598925622,64.59
"28153",0,0,0,0,0.0832684643565364,38.18
"28155",0,0,0,0,0.0728738354322588,28.13
"28157",0,0,0,0,0.0543927688799664,11.07
"28159",0.00033664366268305,0.0486486310205128,1,0,0.0775494189461712,33.15
"28161",0.000313381385145722,0.0452869816504021,1,0,0.0596770700294178,15.69
"28163",0,0,0,0,0.0654661195150256,20.81
"29001",0.00101485376879786,0.1466572878412,1,0,0.0951800165820946,48.49
"29003",0.000273448181569593,0.0395162041144198,1,0,0.11294714042759,60.42
"29005",0,0,0,0,0.0510236692459402,8.81
"29007",0.000106689427077777,0.0154177700252249,1,0,0.101219843072175,52.66
"29009",0.022022022022022,3.18241910492646,1,1,0.105653579121911,55.77
"29011",0.00135623869801085,0.195991082883951,1,0,0.0736432229893313,29.02
"29013",0.000219298245614035,0.0316909557996564,1,0,0.0943855478643148,47.88
"29015",0.00127768313458262,0.184638958832751,1,0,0.0956723848409627,48.87
"29017",0.000431592576607682,0.0623697705854265,1,0,0.0764728286966388,32.23
"29019",0.00258360321676795,0.373358460379781,1,0,0.183205272645725,84.25
"29021",0.00182815356489945,0.26418785822017,1,0,0.161735928309892,79.57
"29023",0.000446650124069479,0.0645457481894739,1,0,0.123609744766907,66.34
"29025",0.00126103404791929,0.182232986691593,1,0,0.0736741465857553,29.05
"29027",0.000415331672006645,0.0600198949285056,1,0,0.110331038623016,58.57
"29029",0.001102867455384,0.159376212443429,1,0,0.156280528088509,78.17
"29031",0.000871991628880363,0.126012171648442,1,0,0.185033200308042,84.38
"29033",0,0,0,0,0.0504987538596163,8.43
"29035",0.000547945205479452,0.0791839772309223,1,0,0.062344047016414,17.98
"29037",0.00228954348736563,0.330863665855299,1,0,0.141456740628526,73.31
"29039",0.00186567164179104,0.269609623967226,1,0,0.0806547507493044,36.08
"29041",0.00456053067993367,0.659045747475442,1,0,0.0726846595077631,27.78
"29043",0.00141076886903362,0.203871279256666,1,0,0.199653645082811,87.62
"29045",0,0,0,0,0.0544766405295751,11.2
"29047",0.0148563748826063,2.14690600204998,1,1,0.234304486173686,91.89
"29049",0.000370164723301869,0.0534927849144672,1,0,0.0896174639392057,44.1
"29051",0.00259151835515815,0.374502283031758,1,0,0.13795279762359,72.13
"29053",0.000883080183680678,0.12761458711271,1,0,0.094027052151139,47.66
"29055",0.00025736713421696,0.037192319764878,1,0,0.0994569681211689,51.35
"29057",0.0052707235265932,0.761676254389442,1,0,0.0569154748060434,13.08
"29059",0.00166852057842047,0.241119174271023,1,0,0.0887457205507726,43.56
"29061",0,0,0,0,0.072818552858528,28
"29063",0.000331895121141719,0.0479624156808607,1,0,0.0683350132135023,23.58
"29065",0.000228362639872117,0.0330008582887493,1,0,0.0684312538554171,23.64
"29067",0.000919963201471941,0.132944579987519,1,0,0.084438841658925,39.23
"29069",0.000380264283677156,0.0549522800442754,1,0,0.0773556152484588,32.9
"29071",0.000814276989889394,0.117671785394395,1,0,0.197163072868824,87.02
"29073",0.000340020401224073,0.0491366060681514,1,0,0.0925444212654941,46.26
"29075",0.000378501135503407,0.0546974861644335,1,0,0.0539002367107635,10.69
"29077",0.00354164111370048,0.511805243485927,1,0,0.234571314076523,91.92
"29079",0.00143020594965675,0.206680146519498,1,0,0.0646842428461837,20.08
"29081",0.00197498354180382,0.285406369545293,1,0,0.0608853474442048,16.64
"29083",0.00109051254089422,0.157590794379971,1,0,0.0912488589684051,45.02
"29085",0.000508646998982706,0.073504963604493,1,0,0.0703336581911344,25.26
"29087",0.00247524752475248,0.357699897144637,1,0,0.0478958022405174,6.78
"29089",0.000332778702163062,0.0480901026444037,1,0,0.0676975292994099,22.94
"29091",0.000171959188352631,0.0248499527306718,1,0,0.146182665128108,74.93
"29093",0,0,0,0,0.0720349752685367,27.14
"29095",0.0165722366070149,2.39486648123347,1,1,0.304369797640738,97.3
"29097",0.000722321263908526,0.104383193689407,1,0,0.215022760117369,90.07
"29099",0.00309820098937026,0.447723374793386,1,0,0.203285207615531,88.1
"29101",0.00158709165454305,0.229351818722021,1,0,0.0776000173699795,33.18
"29103",0,0,0,0,0.0662503473194264,21.44
"29105",0.000322893122376493,0.046661530011764,1,0,0.103064019729189,54.09
"29107",0.000572191493419798,0.0826878266906923,1,0,0.10910722279001,57.87
"29109",0.00230680507497117,0.333358150972164,1,0,0.111879291060828,59.62
"29111",0.00508302270416808,0.734551466179769,1,0,0.0648339118174588,20.27
"29113",0.00295136661106121,0.426504227417935,1,0,0.124484798902298,66.94
"29115",0.00272651006711409,0.394010037710493,1,0,0.0642912607887141,19.73
"29117",0.000717875089734386,0.103740673687317,1,0,0.101915291691204,53.26
"29119",0.000288475407471513,0.0416877999268522,1,0,0.0741073424712336,29.72
"29121",0.00034346556757685,0.0496344696707653,1,0,0.0861108678953969,40.82
"29123",0.00137867647058824,0.199233582416958,1,0,0.0733130459689622,28.64
"29125",0.000542593597395551,0.0784106122878097,1,0,0.080385516813274,35.79
"29127",0.000206100577081616,0.0297837507103119,1,0,0.105046746555008,55.33
"29129",0,0,0,0,0.0525544951859162,9.77
"29131",0.000216450216450216,0.0312793849451154,1,0,0.102119434431444,53.42
"29133",0.000510073960724305,0.0737111749280455,1,0,0.0617721556755721,17.59
"29135",0.000192566917003659,0.0278279912278901,1,0,0.0919638007870674,45.59
"29137",0.000818330605564648,0.118257576470076,1,0,0.0732139404714856,28.51
"29139",0.000265181649429859,0.0383216012851852,1,0,0.0700810811230308,25.04
"29141",0.00267424369045629,0.386456983978428,1,0,0.122942590629121,65.86
"29143",0,0,0,0,0.0603018257905061,16.19
"29145",0.000699473337722186,0.101081422547291,1,0,0.106947405945294,56.57
"29147",0,0,0,0,0.0741211641461783,29.81
"29149",0.000312695434646654,0.0451878544235251,1,0,0.0654813146847408,20.87
"29151",0.000386473429951691,0.0558495684817133,1,0,0.0617179220077445,17.53
"29153",0.000494071146245059,0.0713985960703721,1,0,0.0939277342588131,47.5
"29155",0.000176991150442478,0.0255771253887492,1,0,0.0581234361689666,14.22
"29157",9.44019635608421e-05,0.0136420993530098,1,0,0.089339300067197,43.88
"29159",0.00174120234604106,0.251622471635102,1,0,0.122247636938614,65.57
"29161",0.000610672679443818,0.0882487720689418,1,0,0.117623533782425,63.16
"29163",0,0,0,0,0.0755036630219561,30.96
"29165",0.00163316816064436,0.236010369565283,1,0,0.230848891869583,91.47
"29167",0.000865650969529086,0.125095878156538,1,0,0.111115911283544,59.02
"29169",0.00207200207200207,0.299426590927601,1,0,0.0575407134149922,13.62
"29171",0,0,0,0,0.0485009338900744,7.16
"29173",0.000243664717348928,0.0352121731107293,1,0,0.0706389349967692,25.61
"29175",0.000652011922503726,0.0942227374371305,1,0,0.0866737100417597,41.23
"29177",0.00112951807228916,0.163227513305459,1,0,0.0776908508049595,33.28
"29179",0.000471698113207547,0.0681654520973742,1,0,0.058411882517392,14.48
"29181",0,0,0,0,0.0720432563495927,27.17
"29183",0.00265060107901552,0.383040372267468,1,0,0.246012017183751,93.35
"29185",0.000456829602558246,0.0660167923464748,1,0,0.0776250875679342,33.22
"29186",0.000718184429761563,0.103785376649263,1,0,0.084948764037781,39.9
"29187",0.000784067743453034,0.113306224279781,1,0,0.123264005585982,65.96
"29189",0.0062215482413757,0.899080655072275,1,0,0.339312437562199,98.47
"29195",0,0,0,0,0.0687581576909636,24.05
"29197",0,0,0,0,0.0606352021965233,16.51
"29199",0,0,0,0,0.0727213096952993,27.84
"29201",0.000716016743776162,0.103472122703439,1,0,0.121975540098586,65.51
"29203",0,0,0,0,0.061456347260126,17.28
"29205",0,0,0,0,0.0538234758677123,10.66
"29207",0,0,0,0,0.0826697089020925,37.64
"29209",0.00088809946714032,0.128339927572321,1,0,0.135504145478675,71.11
"29211",0,0,0,0,0.0406963904985485,3.34
"29213",0.00091375996470996,0.132048145538222,1,0,0.15094063406943,76.65
"29215",0.000282445982205903,0.0408164831087229,1,0,0.0876428897071702,42.67
"29217",0.000263921879123779,0.0381395509227852,1,0,0.0939377400381407,47.57
"29219",0.000300390507659958,0.0434096600920496,1,0,0.117642480840653,63.19
"29221",0.00226126282831797,0.326776806366956,1,0,0.0941623274297141,47.73
"29223",0.00035880875493362,0.0518517253126779,1,0,0.0623832325800614,18.01
"29225",0.000563010228019142,0.0813610350641456,1,0,0.110472515404385,58.73
"29227",0,0,0,0,0.0585081090682707,14.57
"29229",0.000514933058702369,0.074413366862221,1,0,0.0984671264090417,50.87
"29510",0.00474022096148104,0.685012926347306,1,0,0.233705595094444,91.79
"30001",0.000364630811303555,0.052693075094415,1,0,0.100177246630055,52.02
"30003",0.000654878847413229,0.0946370389302117,1,0,0.0557418398823977,12.15
"30005",0,0,0,0,0.0687403571029127,23.99
"30007",0.000483091787439614,0.0698119606021417,1,0,0.0956102652519082,48.84
"30009",0.000748876684972541,0.108220737728233,1,0,0.136136262530456,71.36
"30011",0,0,0,0,0.0476923616817383,6.75
"30013",0.00110935023771791,0.160313044235346,1,0,0.177596556813672,83.33
"30015",0,0,0,0,0.0620441806401218,17.82
"30017",0.000467581047381546,0.0675704917922849,1,0,0.0975745657305298,50.08
"30019",0,0,0,0,0.0510689353583768,8.85
"30021",0.000248818113958696,0.0359568943633823,1,0,0.0954644346844234,48.71
"30023",0.00132485426603074,0.191455694815094,1,0,0.091535742905238,45.28
"30025",0,0,0,0,0.0727390399461485,27.87
"30027",0.000541320822807651,0.0782266826667809,1,0,0.106166191218633,56.09
"30029",0.0027122818110721,0.391953901638495,1,0,0.268263064555123,95.2
"30031",0.00528230197159604,0.763349464258434,1,0,0.305139970300631,97.39
"30033",0,0,0,0,0.0496481155941626,7.8
"30035",0.000198255352894528,0.0286500314128535,1,0,0.0602978007773228,16.16
"30037",0,0,0,0,0.0616165776251868,17.44
"30039",0.0015220700152207,0.219955492308118,1,0,0.0920630941272107,45.69
"30041",0.000119961612284069,0.0173357435756278,1,0,0.0953637298915812,48.65
"30043",0.00339462517680339,0.490559858941216,1,0,0.127334214292138,68.02
"30045",0.00102249488752556,0.14776151170392,1,0,0.0576847115201603,13.81
"30047",0.000573676446484183,0.0829024183842839,1,0,0.130732788554428,69.33
"30049",0.00610178583402248,0.881773698752292,1,0,0.208006647089294,88.93
"30051",0.00124843945068664,0.180412931893175,1,0,0.0519449607258954,9.2
"30053",0.00300457217504899,0.434193003823379,1,0,0.150903701317105,76.61
"30055",0,0,0,0,0.0569726769227881,13.17
"30057",0.00290768112430337,0.420191204593457,1,0,0.115589560140905,61.92
"30059",0.00452079566003617,0.65330360961317,1,0,0.0741106584108739,29.75
"30061",0.000674308833445718,0.0974448809483704,1,0,0.0760606854177003,31.72
"30063",0.00527514686488431,0.762315474360756,1,0,0.284303077220155,96.21
"30065",0.000585823081429408,0.0846577378127904,1,0,0.0729290256989596,28.22
"30067",0.00186342211991669,0.269284543855022,1,0,0.159434200947446,79
"30069",0,0,0,0,0.0391256487637908,2.83
"30071",0,0,0,0,0.0732128068092292,28.48
"30073",0.000511247443762781,0.0738807558519597,1,0,0.0814029757613122,36.78
"30075",0,0,0,0,0.0634141563628212,18.96
"30077",0.00032626427406199,0.0471486976986732,1,0,0.0769989568404289,32.48
"30079",0,0,0,0,0.0526723145173057,9.9
"30081",0.0018510208660534,0.26749242925355,1,0,0.215033943547759,90.1
"30083",0,0,0,0,0.106672453035425,56.38
"30085",0,0,0,0,0.0569179589271886,13.11
"30087",0.000679655641141822,0.0982175521838015,1,0,0.0481557097965107,6.97
"30089",0.00287287526933206,0.415161384093177,1,0,0.11801993708935,63.44
"30091",0,0,0,0,0.0745653784534486,30.1
"30093",0.000655701874214524,0.0947559751574886,1,0,0.164272545288586,80.53
"30095",0.000237925291458482,0.0343827643222539,1,0,0.07664667897414,32.26
"30097",0,0,0,0,0.0893549935833366,43.91
"30099",0.00282942603071948,0.408882501667354,1,0,0.0789000427634592,34.62
"30101",0.00194080543425522,0.28046726530118,1,0,0.0628657820435362,18.36
"30103",0,0,0,0,0.0436706995732704,4.71
"30105",0.0005616399887672,0.0811630207505944,1,0,0.0835857018477035,38.4
"30107",0.00311526479750779,0.450189278649325,1,0,0.0434512883062794,4.42
"30109",0,0,0,0,0.0724465007385044,27.59
"30111",0.00392393292527156,0.567050523123924,1,0,0.259437834572788,94.46
"31001",0.000610534495198979,0.0882288029589147,1,0,0.119192864788418,64.17
"31003",0,0,0,0,0.0430535692284733,4.23
"31005",0,0,0,0,0.0227733959171106,0.19
"31007",0.00282485875706215,0.4082224814871,1,0,0.0464923582490388,6.24
"31009",0,0,0,0,0.035656323914175,1.88
"31011",0,0,0,0,0.0481499015274104,6.94
"31013",0.000549853372434018,0.079459727884769,1,0,0.0587829440098406,14.76
"31015",0,0,0,0,0.0358816655124323,1.94
"31017",0,0,0,0,0.0534315084358239,10.47
"31019",0.00229235358769038,0.331269755584538,1,0,0.152959333924097,77.12
"31021",0,0,0,0,0.0622923072217487,17.94
"31023",0.000557568999163646,0.0805747189553573,1,0,0.0469064602106726,6.43
"31025",0.000652485971551612,0.0942912426245813,1,0,0.108521497000001,57.65
"31027",0,0,0,0,0.0579544843032274,14.13
"31029",0.0003813882532418,0.0551147057385329,1,0,0.0563717827114477,12.63
"31031",0.00132100396301189,0.190899284605592,1,0,0.0586144534332653,14.7
"31033",0,0,0,0,0.0797365768429344,35.25
"31035",0.00218420094648708,0.315640535376265,1,0,0.0461884425348289,6.08
"31037",0,0,0,0,0.0367234217881445,2.2
"31039",0.00123329907502569,0.178224984723248,1,0,0.0631941476961945,18.55
"31041",0.000331345261762757,0.0478829550849679,1,0,0.063247205868324,18.61
"31043",0,0,0,0,0.0594773782166319,15.49
"31045",0.000783699059561128,0.113252945490935,1,0,0.0666677267835396,21.76
"31047",0.000291757840991977,0.0421621468844444,1,0,0.0656842315970101,21.03
"31049",0,0,0,0,0.033551068482539,1.37
"31051",0,0,0,0,0.0522212621876326,9.58
"31053",0.000817071998461982,0.118075694203084,1,0,0.115748929982178,62.11
"31055",0.00469721741781841,0.678798451636735,1,0,0.290287669570441,96.5
"31057",0,0,0,0,0.032996487807733,1.24
"31059",0,0,0,0,0.0539097320268036,10.72
"31061",0,0,0,0,0.041339192628612,3.63
"31063",0,0,0,0,0.0289167987589152,0.64
"31065",0,0,0,0,0.0420292733990472,3.85
"31067",0.00100532823967025,0.145280746402366,1,0,0.0982710480406471,50.65
"31069",0,0,0,0,0.041227379812393,3.5
"31071",0,0,0,0,0.0673993251631356,22.69
"31073",0,0,0,0,0.0359115408541711,2
"31075",0,0,0,0,0.035620488094461,1.85
"31077",0,0,0,0,0.0448505453852837,5.44
"31079",0.000379881476979182,0.0548969603580129,1,0,0.142427280237351,73.53
"31081",0.00021128248468202,0.0305325921078456,1,0,0.0896571715810604,44.19
"31083",0,0,0,0,0.0443228960554978,5.03
"31085",0,0,0,0,0.0583895656917585,14.44
"31087",0,0,0,0,0.0406030926368322,3.21
"31089",0.000172622130157086,0.0249457549536394,1,0,0.0763291577327598,32.1
"31091",0,0,0,0,0.0390144536832152,2.8
"31093",0,0,0,0,0.068317815182764,23.54
"31095",0,0,0,0,0.050635853653819,8.53
"31097",0.00250312891113892,0.36172905743788,1,0,0.0403247450651785,3.15
"31099",0.000375234521575985,0.0542254253082301,1,0,0.057876657649243,13.97
"31101",0,0,0,0,0.0844196152482503,39.17
"31103",0,0,0,0,0.0535064123700814,10.5
"31105",0,0,0,0,0.0340075827113991,1.46
"31107",0,0,0,0,0.0588810990990526,14.86
"31109",0.00711998949675308,1.02891508230643,1,1,0.258212341186525,94.4
"31111",0.000553036168565424,0.079919676167699,1,0,0.119281422840147,64.27
"31113",0,0,0,0,0.0366190003214345,2.1
"31115",0,0,0,0,0.0430670699504101,4.26
"31117",0,0,0,0,0.0260993339471321,0.32
"31119",0.00093862226575253,0.135641015518608,1,0,0.156216094569156,78.14
"31121",0.00064040986231188,0.0925461149192656,1,0,0.0774732767445275,33.06
"31123",0,0,0,0,0.0382580214330677,2.55
"31125",0,0,0,0,0.0355207583174,1.81
"31127",0.000576036866359447,0.0832435244507104,1,0,0.0436542317077805,4.65
"31129",0,0,0,0,0.04910300209904,7.57
"31131",0.000136425648021828,0.0197149738671805,1,0,0.0761174427925563,31.82
"31133",0.00113507377979569,0.164030372810934,1,0,0.0646174664303066,19.98
"31135",0,0,0,0,0.0367178630990272,2.16
"31137",0,0,0,0,0.0575684916731781,13.71
"31139",0,0,0,0,0.0728227483067074,28.03
"31141",4.37464456012949e-05,0.00632183203317876,1,0,0.118935267405868,64.11
"31143",0,0,0,0,0.0471375216046566,6.62
"31145",0,0,0,0,0.0783797617251142,33.82
"31147",0,0,0,0,0.06335239729928,18.87
"31149",0,0,0,0,0.0333445233450581,1.27
"31151",0.000131061598951507,0.0189398110676846,1,0,0.0648467370547115,20.3
"31153",0.00705696498539759,1.01980736236973,1,1,0.197817990476802,87.15
"31155",0.000654535934022778,0.0945874842560762,1,0,0.106860386786387,56.47
"31157",0.00478494915991518,0.691476632226966,1,0,0.129081856997828,68.63
"31159",0.000528960592435864,0.0764404964011813,1,0,0.0834942726605903,38.34
"31161",0,0,0,0,0.0461520802560105,6.01
"31163",0,0,0,0,0.0385744020313805,2.67
"31165",0,0,0,0,0.0579724331299878,14.16
"31167",0,0,0,0,0.0396295064030361,2.9
"31169",0,0,0,0,0.0435754563602602,4.45
"31171",0,0,0,0,0.0577442655542708,13.87
"31173",0.00250878073256397,0.362545806438618,1,0,0.0406901703131522,3.31
"31175",0,0,0,0,0.0613264560666318,16.99
"31177",0.000611309220580744,0.0883407591114212,1,0,0.10248405664475,53.71
"31179",0.000199760287654814,0.0288675106764749,1,0,0.0446781671167722,5.35
"31181",0.000729394602479942,0.105405367211111,1,0,0.0412911059818951,3.6
"31183",0,0,0,0,0.0233888144915105,0.22
"31185",0.000445781789813886,0.0644202645476132,1,0,0.0920133183647547,45.63
"32001",0.00805152979066022,1.16353267670236,1,1,0.114709363444767,61.37
"32003",0.00323909519252182,0.468084102951525,1,0,0.276350355717201,95.67
"32005",0.0043799965980609,0.632956630378577,1,0,0.187991975428196,85.14
"32007",0.000290396183364447,0.0419653727079458,1,0,0.12351510371054,66.21
"32009",0,0,0,0,0.0493322764587752,7.67
"32011",0.000625260525218841,0.0903568727259899,1,0,0.00610648717615689,0.03
"32013",0,0,0,0,0.0637952170194675,19.44
"32015",0,0,0,0,0.0288716093543155,0.6
"32017",0.000628140703517588,0.0907730894764028,1,0,0.0635369602729294,19.19
"32019",0.00134727657663437,0.194695959926548,1,0,0.12763519770543,68.18
"32021",0.0015420200462606,0.222838486424724,1,0,0.045241678153429,5.63
"32023",0.00298391281785158,0.431207504445766,1,0,0.132741996444029,70.16
"32027",0.000457247370827618,0.0660771643559366,1,0,0.0320338807015193,0.99
"32029",0.000152299725860493,0.0220089488952838,1,0,0.0569805454206905,13.2
"32031",0.00396924120773493,0.573598057386612,1,0,0.312845091949626,97.74
"32033",0,0,0,0,0.0515033045897432,9
"32510",0.00142537161474241,0.205981533114444,1,0,0.169957140171863,81.74
"33001",0.00261604507646901,0.378046658130594,1,0,0.187177753019212,84.95
"33003",0.00139842359521993,0.202087254374621,1,0,0.200882876230259,87.88
"33005",0.00376267093477101,0.543746430568109,1,0,0.192367139880289,86
"33007",0.000587544065804935,0.0849064385701723,1,0,0.122811878946107,65.8
"33009",0.0009431144783791,0.136290188572376,1,0,0.159681037791808,79.1
"33011",0.0118013425709875,1.70542096561959,1,1,0.328189003549271,98.25
"33013",0.00316719067874977,0.457693127130603,1,0,0.252834413512906,93.83
"33015",0.0125008570057362,1.80650832712935,1,1,0.344184248838541,98.57
"33017",0.011234920342573,1.62356685979048,1,1,0.212423432412701,89.6
"33019",0.00840439236856635,1.21452511546294,1,1,0.155771585867198,77.95
"34001",0.00261856910235158,0.378411407025222,1,0,0.175053834503281,82.72
"34003",0.00466026941863904,0.673459068252246,1,0,0.384165512559572,99.46
"34005",0.0046720032648758,0.675154735271415,1,0,0.280428979321493,96.02
"34007",0.00166140627739786,0.24009108123443,1,0,0.292160448236621,96.56
"34009",0.000861833392890926,0.124544197261131,1,0,0.152497228454103,77
"34011",0.000216092734653557,0.0312277249795494,1,0,0.1586335178528,78.84
"34013",0.00227322393390821,0.32850531480766,1,0,0.283623888540448,96.18
"34015",0.00129828215998944,0.187615739617547,1,0,0.245084350734449,93.19
"34017",0.00378301213418986,0.546685952723837,1,0,0.279674145530203,95.93
"34019",0.00236742424242424,0.3421182728372,1,0,0.241507318825557,92.68
"34021",0.0043803455798331,0.633007061999162,1,0,0.233175296308112,91.7
"34023",0.0181690260958554,2.6256197413451,1,1,0.335748506397537,98.41
"34025",0.0038522207302924,0.556687339437628,1,0,0.305698532710451,97.45
"34027",0.0100716114885069,1.45545621498194,1,1,0.345936166939166,98.66
"34029",0.00164148945516422,0.237212886147604,1,0,0.277322227918772,95.8
"34031",0.00227286688371522,0.328453717213467,1,0,0.358703137230547,98.95
"34033",0.000591791013230756,0.0855201681637598,1,0,0.112554027803443,60.26
"34035",0.0373684817942257,5.40014764607529,1,1,0.285460409555422,96.31
"34037",0.00190570141021904,0.275394356163191,1,0,0.212868715703269,89.72
"34039",0.00419088714872217,0.60562828042525,1,0,0.341287305733123,98.54
"34041",0.00176631162018948,0.25525103188633,1,0,0.194513742316438,86.45
"35001",0.00444228517972003,0.641958000556691,1,0,0.267785361471595,95.16
"35003",0.00106837606837607,0.154391835947044,1,0,0.066822718324291,21.86
"35005",0.000482877952597481,0.0697810591669228,1,0,0.131566532976478,69.68
"35006",0.000121639703199124,0.0175782457665045,1,0,0.0609602241916729,16.67
"35007",0.000615006150061501,0.0888750051946084,1,0,0.0747624098744988,30.35
"35009",0.00097367337003333,0.140706277182611,1,0,0.0978676297044624,50.24
"35011",0,0,0,0,0.0525401373142291,9.74
"35013",0.00692768823258158,1.0011254807708,1,1,0.196114494304692,86.76
"35015",0.000286869961846295,0.0414557957619075,1,0,0.124481150510678,66.91
"35017",0.000640497758257846,0.0925588168290816,1,0,0.0920894900277523,45.72
"35019",0,0,0,0,0.0408738494907876,3.44
"35021",0.00364963503649635,0.527411527176764,1,0,0.0463344354061077,6.17
"35023",0.00190961171228517,0.275959436880522,1,0,0.0728458034152014,28.06
"35025",0.000241293332260919,0.0348694824530926,1,0,0.0829907264098168,37.96
"35027",0.000620809535634467,0.0897136568453149,1,0,0.141097729083875,73.21
"35028",0.000469283276450512,0.0678164822060907,1,0,0.0387103806578015,2.7
"35029",0.0001105216622458,0.0159715692359011,1,0,0.0790169755539653,34.74
"35031",0.000802317806997994,0.115943554804359,1,0,0.104346726886189,54.92
"35033",0,0,0,0,0.0706041852633937,25.55
"35035",0.000744951970201921,0.107653574220044,1,0,0.0921357298763583,45.82
"35037",0.00100603621730382,0.145383056787156,1,0,0.066838673916424,21.89
"35039",0.000461467466543609,0.066687013588571,1,0,0.098597991137289,50.97
"35041",0.000135851107186524,0.0196319465353122,1,0,0.0647600301291622,20.14
"35043",0.00371189949318295,0.5364094110368,1,0,0.173845621241487,82.44
"35045",0.000624073640689601,0.0901853551424812,1,0,0.139069617659346,72.35
"35047",0.000335120643431635,0.0484285383533623,1,0,0.0844319889066434,39.2
"35049",0.00307804957422574,0.444811278507083,1,0,0.220005273107307,90.61
"35051",0.00099676052828308,0.144042619931655,1,0,0.0712737719917938,26.22
"35053",0.000826719576719577,0.11946987305426,1,0,0.0579128521739335,14.03
"35055",0.000836883749239197,0.120938705334051,1,0,0.163593936365958,80.34
"35057",0.000254388196387688,0.0367618311998049,1,0,0.0952449480170095,48.55
"35059",0.000679347826086957,0.0981730695967617,1,0,0.0613501424126724,17.05
"35061",0.00101302460202605,0.146392953563681,1,0,0.1243346974268,66.82
"36001",0.00828952606071052,1.19792569819475,1,1,0.261905606966053,94.85
"36003",0.000764477288653883,0.110475192798445,1,0,0.105170375331132,55.49
"36005",0.000631810488054102,0.0913034128231094,1,0,0.142138364130158,73.46
"36007",0.0021512846082309,0.310883770369586,1,0,0.205937375927189,88.55
"36009",0.000135048448630946,0.0195159537386722,1,0,0.120747348515996,64.97
"36011",0.00977007272460148,1.41188061950897,1,1,0.147268733557059,75.34
"36013",0.00122633858812825,0.177219119482542,1,0,0.162016520744864,79.61
"36015",0.000762367291619607,0.110170275526703,1,0,0.179828765732043,83.61
"36017",0.000537230041903943,0.077635520815748,1,0,0.104877314612414,55.27
"36019",0.000229660676350692,0.0331884385247593,1,0,0.151173022637423,76.68
"36021",0.00181862269641125,0.262810545186287,1,0,0.172702411913881,82.21
"36023",0.00154362058870496,0.223069782027283,1,0,0.116883985742177,62.46
"36025",0.000185265238065831,0.0267728200666522,1,0,0.131608688026106,69.71
"36027",0.00190446334104001,0.27521544184712,1,0,0.195836128500352,86.73
"36029",0.00502340334055308,0.725935826725672,1,0,0.297220328465485,96.85
"36031",0.000367107195301028,0.0530509392240944,1,0,0.126173085230674,67.55
"36033",0.000158336412096902,0.0228813150018103,1,0,0.0873551961706646,42.32
"36035",0.0021170681467071,0.305939123563428,1,0,0.120605147674916,64.87
"36037",0.00039848575413429,0.0575854785600451,1,0,0.140218423450459,72.89
"36039",0.00261210274270788,0.377476948488724,1,0,0.146538718941108,75.12
"36041",0.000490677134445535,0.0709081248510467,1,0,0.0868437445808491,41.52
"36043",0.000235682300259251,0.0340586279628643,1,0,0.12437611485991,66.85
"36045",0.0012970824068459,0.187442362380826,1,0,0.104824272506269,55.2
"36047",0.00230956624447655,0.333757169671587,1,0,0.228823642086619,91.25
"36049",0.000377833753148615,0.0546010422341687,1,0,0.082547908076421,37.54
"36051",0.00095872899926954,0.138546654829031,1,0,0.11786981583615,63.32
"36053",0.00558320709803073,0.80683349229993,1,0,0.120386348179611,64.72
"36055",0.00618036619100755,0.893129405739196,1,0,0.26389646558453,95
"36057",0.00014619170605721,0.0211262743209054,1,0,0.103538692089071,54.41
"36059",0.00390642939150402,0.564521074183684,1,0,0.31247441682474,97.71
"36061",0.00813935456799658,1.17622430188563,1,1,0.3152975998462,97.87
"36063",0.000799880695760632,0.11559136601103,1,0,0.205444930473196,88.48
"36065",0.00684305305443967,0.988894786986259,1,0,0.208371981932896,88.99
"36067",0.00263658890366252,0.38101546217972,1,0,0.271815035648384,95.42
"36069",0.00305873457744785,0.442020053673319,1,0,0.196814433976399,86.99
"36071",0.00260544911071155,0.37651542708251,1,0,0.254024434436908,94.05
"36073",7.76759359950287e-05,0.0112250084236782,1,0,0.0965397771257377,49.51
"36075",0.000906926652306995,0.131060658380168,1,0,0.148609108183159,75.76
"36077",0.000515463917525773,0.0744900816734192,1,0,0.123188549411553,65.92
"36079",0.0019239402295902,0.278030061783685,1,0,0.225098607070111,90.96
"36081",0.00146570379667904,0.211809967315905,1,0,0.219653029519729,90.49
"36083",0.0078971119133574,1.14121763213564,1,1,0.197472532645392,87.05
"36085",0.00293782253232571,0.42454696232741,1,0,0.165774196831115,80.85
"36087",0.0026888562571382,0.388568657072478,1,0,0.243131363741318,92.94
"36089",0.00202952029520295,0.293287517142208,1,0,0.11000560384452,58.35
"36091",0.00520080901473563,0.751572855254492,1,0,0.239663820664831,92.43
"36093",0.00295357302509739,0.42682307798375,1,0,0.176410204007805,83.14
"36095",0.000661813368630046,0.0956391518507169,1,0,0.0825594515874578,37.61
"36097",0.00105838772270242,0.15294841253812,1,0,0.0763644227327537,32.13
"36099",0.000176429075511644,0.0254958995141908,1,0,0.101530965616389,53.04
"36101",0.000478863497299742,0.0692009271870972,1,0,0.118101111875056,63.47
"36103",0.00477739158996007,0.690384482060742,1,0,0.361844765274606,99.08
"36105",0.00212070336661659,0.306464451949668,1,0,0.119063004946467,64.14
"36107",0.00603974998244259,0.87280885078961,1,0,0.110675397767242,58.89
"36109",0.00419645632576935,0.606433086424261,1,0,0.152116543321854,76.84
"36111",0.00153607562218448,0.221979453192956,1,0,0.240389306374467,92.49
"36113",0.00343258155559511,0.496044964028287,1,0,0.154459825956029,77.66
"36115",0.00114066158371856,0.164837870593878,1,0,0.116943917271772,62.49
"36117",0.000956083880425776,0.138164406698738,1,0,0.13424313716856,70.6
"36119",0.00333721770437848,0.482263861560599,1,0,0.298569735515987,96.95
"36121",0.000282985496993279,0.0408944487998396,1,0,0.108174354608106,57.43
"36123",0.00119289037337469,0.172385492599825,1,0,0.112618878804564,60.29
"37001",0.00232672543310332,0.336236857034367,1,0,0.187837876473947,85.08
"37003",0.00107390412964952,0.155190700274408,1,0,0.118655140254884,63.89
"37005",0.000228050171037628,0.0329557031804865,1,0,0.0916138273570207,45.4
"37007",0.00012868356710848,0.018596159882439,1,0,0.0749200123557702,30.58
"37009",0.00211345939933259,0.305417620743296,1,0,0.116536746263672,62.36
"37011",0.00116441546343735,0.168270561768087,1,0,0.0990992538079482,51.22
"37013",0.000489902563823417,0.0707961910629742,1,0,0.125664926661428,67.26
"37015",0.000162100826714216,0.0234253134132652,1,0,0.0690776806546158,24.28
"37017",0.000129458217360347,0.018708105177867,1,0,0.0610791294969567,16.7
"37019",0.00324152454887063,0.468435171080027,1,0,0.202117304346376,87.97
"37021",0.00292742718921351,0.423044723409954,1,0,0.277902416938776,95.83
"37023",0.000545768775961918,0.0788694597506382,1,0,0.114174710457151,61.06
"37025",0.00404531570828779,0.584591641159939,1,0,0.219623944459698,90.45
"37027",0.000942342593885244,0.136178642958736,1,0,0.142717464855014,73.72
"37029",0.00114155251141553,0.164966619231088,1,0,0.110363636535716,58.67
"37031",0.00140338867020366,0.202804761126263,1,0,0.180541289206592,83.74
"37033",0.00207792207792208,0.300282095473108,1,0,0.102519084122956,53.8
"37035",0.00169448010269576,0.244870604812955,1,0,0.219286068368685,90.42
"37037",0.0032996040475143,0.476828283479212,1,0,0.168453607724985,81.51
"37039",0.00168616292549268,0.243668683227203,1,0,0.137928372217962,72.1
"37041",0.000511073253833049,0.0738555835331005,1,0,0.0865241277936326,41.04
"37043",0.00494350282485876,0.714389342602424,1,0,0.108404911931001,57.56
"37045",0.00162854573296711,0.23534237903578,1,0,0.147076102245262,75.21
"37047",0.000420268972142171,0.060733387915768,1,0,0.103372952506338,54.31
"37049",0.00336900515259612,0.486857489811606,1,0,0.143100549068727,73.88
"37051",0.00405246880665458,0.585625340830166,1,0,0.104831355157824,55.23
"37053",0.00463067540094872,0.669182414310341,1,0,0.155877425593298,78.08
"37055",0.00309132282856039,0.446729406558035,1,0,0.153562631293561,77.25
"37057",0.00122843263163772,0.177521731298315,1,0,0.191387206894096,85.71
"37059",0.00260913834796996,0.377048561556813,1,0,0.121235054773512,65.19
"37061",0.000558659217877095,0.0807322672885102,1,0,0.0733200154361445,28.67
"37063",0.0111102417651201,1.60554946400075,1,1,0.214738597024496,90.04
"37065",0.00182658827558651,0.263961657074369,1,0,0.100634251681426,52.31
"37067",0.00476097306463184,0.688011828512987,1,0,0.239118375070969,92.33
"37069",0.00689655172413793,0.996625920320229,1,0,0.160113913971075,79.26
"37071",0.00240339354738672,0.347316224378119,1,0,0.183494383530072,84.28
"37073",0.000506842372022301,0.073244175593732,1,0,0.0852345664805482,40.15
"37075",0.00431203449627597,0.623135375504024,1,0,0.100163997542552,51.99
"37077",0.000833698990785432,0.120478473474429,1,0,0.0868636871100583,41.62
"37079",0.00148065889320748,0.213971139657869,1,0,0.0717558534030665,26.73
"37081",0.00423009980391725,0.61129493096819,1,0,0.303779643190965,97.26
"37083",0.0018218147625764,0.263271833088824,1,0,0.110696394606062,58.92
"37085",0.00137440616690071,0.198616477592277,1,0,0.136343710228838,71.59
"37087",0.0019084880003817,0.275797048421076,1,0,0.159801368245648,79.13
"37089",0.00163730692600556,0.236608465686662,1,0,0.20361604076454,88.13
"37091",0.000204415372035977,0.0295402204510289,1,0,0.0809810733884741,36.37
"37093",0.00345015434901035,0.498584421732746,1,0,0.104489551828917,55.01
"37095",0.000429553264604811,0.0620750680611827,1,0,0.0864654486898416,41.01
"37097",0.00261502813637868,0.377899699346846,1,0,0.248237972286803,93.54
"37099",0.00139162704395222,0.201105079596103,1,0,0.0980294705285679,50.4
"37101",0.0015126474130928,0.218593824928076,1,0,0.182539173602477,84.16
"37103",0,0,0,0,0.101724717519285,53.17
"37105",0.000870546509753345,0.125803336387351,1,0,0.129148546347527,68.66
"37107",0.000377643504531722,0.0545735492622482,1,0,0.107083316984389,56.67
"37109",0.00152439024390244,0.220290790314685,1,0,0.192785377006382,86.16
"37111",0.000635691169671752,0.0918642130669652,1,0,0.0977567317233672,50.21
"37113",0.0140678320217285,2.03295307515701,1,1,0.166475751029981,80.97
"37115",0.00199275362318841,0.287974337483834,1,0,0.136014795841493,71.3
"37117",0.00397205862210656,0.574005204074314,1,0,0.106424443748173,56.28
"37119",0.0107697445316413,1.55634395054182,1,1,0.368489806747732,99.17
"37121",0.00136309422388823,0.19698178012804,1,0,0.08365456615106,38.5
"37123",0.000987849451743554,0.142754873502354,1,0,0.0877598146269467,42.76
"37125",0.00377325377325377,0.545275764583769,1,0,0.181477151274199,84.03
"37127",0.00103468442125152,0.149523030467766,1,0,0.143785483448125,74.2
"37129",0.00315773472264448,0.456326639741992,1,0,0.243727761046386,93.03
"37131",0.000170648464163823,0.024660538984033,1,0,0.0691069414424331,24.34
"37133",0.0030652342140438,0.442959321087426,1,0,0.0959679233683001,49.06
"37135",0.00323344616149928,0.467267757193969,1,0,0.163367543295585,80.18
"37137",0.000901306894997747,0.130248542989124,1,0,0.0737781320646259,29.24
"37139",0.0168186104998428,2.43047015934743,1,1,0.126164439405439,67.52
"37141",0.00350291909924937,0.506209495809024,1,0,0.167383549320224,81.2
"37143",0.00651162790697674,0.94100028755817,1,0,0.107871377148367,57.05
"37145",0.000366535324841932,0.0529682977903173,1,0,0.117167573043235,62.71
"37147",0.0013683334792889,0.197738908899686,1,0,0.157611282683627,78.46
"37149",0.00287269428485032,0.415135229888454,1,0,0.136192855363794,71.43
"37151",0.000597205080224549,0.0863025590913126,1,0,0.167082220001282,81.1
"37153",0.00044175186166856,0.0638378965748475,1,0,0.110721549198317,58.96
"37155",0.000565393400728227,0.0817054291598442,1,0,0.111633633748494,59.5
"37157",0.00446978495758984,0.645932014313766,1,0,0.126804498047186,67.83
"37159",0.00127597206655746,0.184391691094682,1,0,0.17762158004775,83.39
"37161",0.000757683383056305,0.109493400347726,1,0,0.144319342012174,74.39
"37163",0.001459121791072,0.210858796693533,1,0,0.0887367338867257,43.53
"37165",0.000299333981890294,0.0432569807517573,1,0,0.0845919957942479,39.45
"37167",0.00123081656986807,0.177866236020072,1,0,0.140052182615132,72.64
"37169",0.00074034902168165,0.10698839863829,1,0,0.112459483210156,60.07
"37171",0.00119503600428987,0.172695559350725,1,0,0.132112643653661,69.9
"37173",8.26924667162821e-05,0.0119499510829764,1,0,0.0497165274292592,7.86
"37175",0.00478182904961148,0.691025742720542,1,0,0.144023721838312,74.26
"37177",0,0,0,0,0.0563561729613135,12.6
"37179",0.00398282907120885,0.575561649842894,1,0,0.224748922944384,90.9
"37181",0.000508614660817598,0.0735002903917265,1,0,0.112470333612835,60.1
"37183",0.0137715548596726,1.99013783775795,1,1,0.362440051140736,99.11
"37185",0.000812567713976165,0.11742477663578,1,0,0.0747249664885621,30.29
"37187",0.00517464424320828,0.747791764276498,1,0,0.0979617140340111,50.37
"37189",0.0017822868110776,0.257559618837899,1,0,0.141078186930343,73.18
"37191",0.00103260349937853,0.149222314869632,1,0,0.136367856979468,71.65
"37193",0.00108332581023743,0.156552234482008,1,0,0.12355921646735,66.31
"37195",0.000735984569702815,0.106357688372626,1,0,0.146471838547327,75.06
"37197",0.00161674608577263,0.233637203070306,1,0,0.10119894613644,52.59
"37199",0.000709597303530247,0.1025444445247,1,0,0.0994599342297692,51.42
"38001",0,0,0,0,0.0387961077683745,2.77
"38003",0.00145985401459854,0.210964610870705,1,0,0.0839878582736412,38.72
"38005",0.000405679513184584,0.0586250541364841,1,0,0.0270477993436055,0.45
"38007",0,0,0,0,0.0372554544272648,2.32
"38009",0.00152485513876182,0.220357972623411,1,0,0.0723219651041995,27.52
"38011",0.00169014084507042,0.244243535402422,1,0,0.0597300973259405,15.75
"38013",0,0,0,0,0.0462342901056939,6.11
"38015",0.00231676818509597,0.334797927572785,1,0,0.22183503976661,90.68
"38017",0.00544286058066617,0.786551910630262,1,0,0.246888644016221,93.38
"38019",0.00319897632757518,0.462286495350074,1,0,0.0412618939516326,3.53
"38021",0.000712504453152832,0.102964558921577,1,0,0.0469642167063387,6.46
"38023",0,0,0,0,0.0475447515938297,6.68
"38025",0.000840336134453782,0.12143761213986,1,0,0.0468901142207715,6.4
"38027",0,0,0,0,0.0465140513057953,6.27
"38029",0,0,0,0,0.0614407263089185,17.21
"38031",0.00538160469667319,0.77769977637513,1,0,0.0483666035424084,7.06
"38033",0,0,0,0,0.0303214649334791,0.83
"38035",0.00247795044099118,0.358090497620309,1,0,0.162021483723609,79.64
"38037",0,0,0,0,0.0378624913250739,2.39
"38039",0,0,0,0,0.047376743894805,6.65
"38041",0,0,0,0,0.0430329996050375,4.2
"38043",0,0,0,0,0.0460548445526148,5.95
"38045",0.000484027105517909,0.0699471241270248,1,0,0.0590737594287087,14.95
"38047",0,0,0,0,0.0359049328023958,1.97
"38049",0,0,0,0,0.0668821103774552,21.92
"38051",0,0,0,0,0.044866257510983,5.47
"38053",0.000322867059488256,0.0466577636440175,1,0,0.0565633478614135,12.82
"38055",0,0,0,0,0.0547322570799951,11.33
"38057",0,0,0,0,0.0427063574794458,4.1
"38059",0.00248704663212435,0.359404995099938,1,0,0.146490939426308,75.09
"38061",0,0,0,0,0.0660430630754688,21.19
"38063",0.000708215297450425,0.102344729777927,1,0,0.0439131318375258,4.8
"38065",0,0,0,0,0.0443842829663299,5.09
"38067",0.000618046971569839,0.0893144366170786,1,0,0.0519618838944021,9.26
"38069",0,0,0,0,0.0581602395007815,14.29
"38071",0.000793273044581945,0.114636489327648,1,0,0.09266801087752,46.33
"38073",0,0,0,0,0.0498057306108858,7.99
"38075",0.00703399765533412,1.01648833608277,1,1,0.0659354808854703,21.09
"38077",0,0,0,0,0.0772878784960785,32.77
"38079",0,0,0,0,0.0524603018853765,9.7
"38081",0,0,0,0,0.0354898149432595,1.78
"38083",0,0,0,0,0.0329516220595261,1.21
"38085",0,0,0,0,0.029671484313253,0.7
"38087",0,0,0,0,0.0368125979914663,2.23
"38089",0.000970156148942068,0.140198000895089,1,0,0.125041981683734,67.1
"38091",0,0,0,0,0.0479958667166613,6.87
"38093",0.00115013034810612,0.166206208917075,1,0,0.0898946015980735,44.35
"38095",0,0,0,0,0.0333524609304192,1.3
"38097",0,0,0,0,0.0459425468491608,5.92
"38099",0,0,0,0,0.0614429372417265,17.24
"38101",0.00151415244096027,0.218811317646686,1,0,0.150090843016972,76.39
"38103",0,0,0,0,0.0540332248788788,10.88
"38105",0.000206192652668477,0.0297970566232035,1,0,0.10065705182453,52.34
"39001",0.00882917466410749,1.27591072716621,1,1,0.11751510497456,63
"39003",0.000462261011057283,0.0668016893081031,1,0,0.195596851855301,86.64
"39005",0.000456954852860537,0.0660348923626546,1,0,0.132613773648324,70.09
"39007",0.00260689779162796,0.376724777060489,1,0,0.149325613488039,75.98
"39009",0.000417077424736483,0.0602721749795543,1,0,0.111597548528843,59.37
"39011",0.000580286827489016,0.0838576895569123,1,0,0.117896329493907,63.41
"39013",0.000890194507499889,0.128642683443658,1,0,0.146317661122729,74.99
"39015",0.000727272727272727,0.105098733415588,1,0,0.114016904340149,60.93
"39017",0.00278559275857084,0.402548122263964,1,0,0.273607370923161,95.61
"39019",0.000415627597672485,0.0600626593709199,1,0,0.11960150982396,64.37
"39021",0.000482858522452921,0.0697782513019958,1,0,0.0950269659555194,48.3
"39023",0.00105952610287035,0.153112920719588,1,0,0.148307054027197,75.63
"39025",0.00446486068776027,0.6452204043459,1,0,0.224493733430938,90.84
"39027",0.000815113156885309,0.117792620521163,1,0,0.105463036378339,55.68
"39029",0.000983465486508083,0.142121343361174,1,0,0.162398615165898,79.8
"39031",0.000525256062330386,0.0759051519459511,1,0,0.125006865295005,67.07
"39033",0.00048951048951049,0.0707395321066456,1,0,0.121194695978922,65.13
"39035",0.0054933053185597,0.793841717962888,1,0,0.355610471708242,98.89
"39037",0.00099502487562189,0.143791799449187,1,0,0.130465464632415,69.11
"39039",0.000649312319225547,0.0938326157198964,1,0,0.114654242552663,61.34
"39041",0.0105728075767234,1.5278844418205,1,1,0.243979504437216,93.06
"39043",0.00117894948076055,0.170370883634735,1,0,0.155861452927581,78.05
"39045",0.0018628912071535,0.269207821248944,1,0,0.172595707968306,82.18
"39047",0.000481386392811297,0.0695655127309531,1,0,0.102401593764529,53.58
"39049",0.00479265080233172,0.692589602413864,1,0,0.303764858399761,97.23
"39051",0.00110347594924011,0.159464146352086,1,0,0.101769731241262,53.2
"39053",0.000159846547314578,0.0230995457874733,1,0,0.082124920218406,37.19
"39055",0.00404586859018819,0.584671538542697,1,0,0.20117980490025,87.91
"39057",0.0277514435921744,4.01038216148854,1,1,0.162123092796321,79.67
"39059",0.00157351460221551,0.227389788592701,1,0,0.112358343394913,60.01
"39061",0.00545516657295974,0.788330258910042,1,0,0.310731969952745,97.61
"39063",0.000943970128589709,0.136413839233276,1,0,0.128154203732551,68.28
"39065",0.00066334991708126,0.0958611996327915,1,0,0.0845366275189095,39.36
"39067",0.0121392579019698,1.75425336639051,1,1,0.0929306339318377,46.58
"39069",0.00252951096121417,0.365541547503625,1,0,0.0830382690952253,38.02
"39071",0.00100931677018634,0.145857131972332,1,0,0.112139176126727,59.75
"39073",0.000462855820411942,0.0668876456590758,1,0,0.115417031892367,61.76
"39075",0.000240567739866084,0.034764626545792,1,0,0.17549961234035,82.88
"39077",0.000289687137891078,0.0418629080088161,1,0,0.117015258430727,62.65
"39079",0.000798367781424643,0.115372733612871,1,0,0.0880786465254699,43.02
"39081",0.00017176965689011,0.0248225633952735,1,0,0.123320520821719,66.02
"39083",0.000490035935968638,0.0708154647728356,1,0,0.130184730748617,69.01
"39085",0.00179967329007965,0.260072152105198,1,0,0.260469857565404,94.56
"39087",0.00064737489480158,0.0935526370469562,1,0,0.0985460476299676,50.91
"39089",0.00191962198213275,0.277406028568449,1,0,0.163451939429894,80.24
"39091",0.000926655237918732,0.133911651249996,1,0,0.108127760029248,57.37
"39093",0.00115900882284236,0.167489244035057,1,0,0.20965310176045,89.12
"39095",0.00221901438388482,0.32067145161874,1,0,0.24571235894362,93.25
"39097",0.00019588638589618,0.0283076901951877,1,0,0.0773320677677464,32.83
"39099",0.00152880205378691,0.220928344307211,1,0,0.242321425318685,92.84
"39101",0.000516467363235469,0.0746350903739872,1,0,0.113339778442326,60.71
"39103",0.00339291037889865,0.49031205219542,1,0,0.245821131574684,93.32
"39105",0.000473148805299267,0.0683750927118208,1,0,0.0761627620893619,31.88
"39107",0.00127697049757816,0.184535975118739,1,0,0.108815593856072,57.75
"39109",0.00203034603209257,0.293406845006403,1,0,0.163158561076331,80.11
"39111",0.00204678362573099,0.295782254130127,1,0,0.0952936100445028,48.58
"39113",0.0122723659422789,1.77348891025089,1,1,0.295184633511104,96.72
"39115",0.00378567268491555,0.547070430927092,1,0,0.0689973419571258,24.15
"39117",0.000554246917001524,0.0800946423424876,1,0,0.132820599946114,70.25
"39119",5.17571554267377e-05,0.0074794657857478,1,0,0.136107714051448,71.33
"39121",0,0,0,0,0.0840843688734944,38.85
"39123",0.000747477264233213,0.108018506375807,1,0,0.109862712456826,58.29
"39125",0.000834167500834167,0.120546178216911,1,0,0.073776816137692,29.21
"39127",0.000533902829684997,0.0771547028544758,1,0,0.0935277106394927,47.22
"39129",0.000821827744904668,0.118762950728495,1,0,0.0864324864723695,40.98
"39131",0,0,0,0,0.0757468056869876,31.28
"39133",0.00683776268404978,0.988130271548753,1,0,0.187499499716545,85.01
"39135",0.00270876867115548,0.391446215124616,1,0,0.0845833387277021,39.42
"39137",0.000577784197602196,0.0834960326138571,1,0,0.106526393378371,56.32
"39139",0.000765268030461401,0.110589463496785,1,0,0.179100847245558,83.46
"39141",0.000464943276920216,0.0671893055823104,1,0,0.120146284932738,64.56
"39143",0.00114079634945168,0.164857345692185,1,0,0.118134298041196,63.51
"39145",0.000214830462959648,0.0310453131396971,1,0,0.108465821798345,57.62
"39147",0.000561850360520648,0.0811934217322408,1,0,0.123866743469984,66.47
"39149",0.000280721454137132,0.0405672702495426,1,0,0.0958378313637949,49
"39151",0.00154173617902548,0.222797464555279,1,0,0.257408228929825,94.34
"39153",0.00487516568219096,0.704513890285438,1,0,0.296887938885942,96.82
"39155",0.000722247962715652,0.10437260087843,1,0,0.210762386558934,89.31
"39157",0.000144512151063369,0.0208835605548929,1,0,0.198588543094451,87.34
"39159",0.00214757271256993,0.310347361512344,1,0,0.117273085951021,62.84
"39161",0.000792769938163945,0.114563785037604,1,0,0.0928685931727435,46.48
"39163",0.000374953130858643,0.0541847613222472,1,0,0.071431661252816,26.34
"39165",0.00454346642387239,0.656579778889703,1,0,0.252270824626179,93.8
"39167",0.000619217600349676,0.089483605069912,1,0,0.135044942441094,70.76
"39169",0.00121977470043768,0.176270567094021,1,0,0.178840629573021,83.42
"39171",0.000168747890651367,0.0243858856642648,1,0,0.111319936205118,59.24
"39173",0.00107362148208017,0.155149854659789,1,0,0.171915634190846,82.09
"39175",8.94934669769107e-05,0.0129327687888342,1,0,0.0762342373743007,32.07
"40001",0.00017921146953405,0.0258979853846655,1,0,0.0787509877819444,34.27
"40003",0,0,0,0,0.0429018175091903,4.14
"40005",0.000246913580246914,0.0356816687522057,1,0,0.0915053011408247,45.21
"40007",0.00161117078410311,0.232831511997476,1,0,0.0582061588907317,14.35
"40009",9.08512764604343e-05,0.0131289868671239,1,0,0.0748037545826368,30.38
"40011",0.000283045570336824,0.0409031300442777,1,0,0.0553066143774513,11.8
"40013",0.00126108534700187,0.182240399960924,1,0,0.0983947996416009,50.81
"40015",0.000480942647589275,0.0695013867723618,1,0,0.0685709307446284,23.74
"40017",0.0021604614577871,0.312209923859101,1,0,0.188434038554823,85.3
"40019",7.68344218209758e-05,0.0111034005721424,1,0,0.140791898421144,73.05
"40021",0.000411918165591103,0.0595266065274337,1,0,0.0653700341837263,20.78
"40023",0,0,0,0,0.0631341860187367,18.52
"40025",0,0,0,0,0.0397121934150234,2.93
"40027",0.00253343491550627,0.366108601114487,1,0,0.19932224181316,87.53
"40029",0,0,0,0,0.0587976887597246,14.79
"40031",0.000770496970546002,0.111345101594282,1,0,0.105981466846547,55.93
"40033",0,0,0,0,0.0370381805139849,2.29
"40035",0.000173010380622837,0.0250018613229123,1,0,0.0884193589446805,43.37
"40037",0.000241896468311563,0.0349566421012175,1,0,0.140176187535556,72.83
"40039",0.00101419878296146,0.14656263534121,1,0,0.0982827283251462,50.72
"40041",0.000689358035329599,0.0996196525266235,1,0,0.121720682946722,65.32
"40043",0,0,0,0,0.0465833451400717,6.3
"40045",0,0,0,0,0.0346669415556785,1.75
"40047",0.000578829317704942,0.0836470637125726,1,0,0.143403570939251,73.97
"40049",0.000360978251060374,0.0521652408434016,1,0,0.0951190089664893,48.43
"40051",0.000412007062978223,0.0595394531562703,1,0,0.133868282103231,70.54
"40053",0.00127469725940089,0.184207467745613,1,0,0.0558067667562636,12.31
"40055",0,0,0,0,0.0414054731227479,3.66
"40057",0,0,0,0,0.0599803219847983,15.97
"40059",0,0,0,0,0.0463136152733476,6.14
"40061",0.000257267815796244,0.0371779671845725,1,0,0.0816197413718399,36.88
"40063",0,0,0,0,0.0682195943137231,23.45
"40065",0.00016432503491907,0.0237467354278914,1,0,0.0745096842452041,30
"40067",0,0,0,0,0.0591403035050869,15.05
"40069",0,0,0,0,0.0523864181647586,9.67
"40071",0.000783330722230926,0.113199716783983,1,0,0.110365858111275,58.7
"40073",0.000480942647589275,0.0695013867723618,1,0,0.0865871437294253,41.17
"40075",0,0,0,0,0.0565924671162948,12.85
"40077",0,0,0,0,0.0509879685542785,8.69
"40079",0.00135675521279634,0.196065724827352,1,0,0.104545553245443,55.04
"40081",0.000542122953485851,0.0783425991794607,1,0,0.096330256517892,49.41
"40083",0.0010839656466272,0.156644697723975,1,0,0.146459875868922,75.02
"40085",0,0,0,0,0.0382318732742666,2.51
"40087",0.000792864222001982,0.114577410066548,1,0,0.114603998073966,61.31
"40089",0,0,0,0,0.0867636696430732,41.39
"40091",0.000368391969055075,0.0532366028537238,1,0,0.0795264275716236,35.22
"40093",0,0,0,0,0.0658188008873929,21.06
"40095",0.000167532249958117,0.0242102125056849,1,0,0.0632642575422368,18.64
"40097",0.000556070435588508,0.0803581603965338,1,0,0.110523497493174,58.83
"40099",0.000183284457478006,0.0264865759615897,1,0,0.0707492521983964,25.77
"40101",0.00056970509383378,0.082328515200716,1,0,0.126257104355838,67.58
"40103",0.00018677624206201,0.0269911764001556,1,0,0.0464575255813565,6.2
"40105",0,0,0,0,0.0716848320374521,26.63
"40107",0,0,0,0,0.0534297067676809,10.44
"40109",0.00278346810422282,0.402241086852696,1,0,0.268479531465892,95.23
"40111",0.000423549343498518,0.0612074368684597,1,0,0.0834818093600286,38.31
"40113",0.000102997219075085,0.014884206246414,1,0,0.100179393684928,52.05
"40115",0,0,0,0,0.0872309209583496,42.25
"40117",0.000704556129638328,0.101815940662118,1,0,0.084797819208949,39.61
"40119",0.00307322596298265,0.444114214787892,1,0,0.124180918795655,66.69
"40121",0.00178826895565093,0.258424103087327,1,0,0.106799373091338,56.44
"40123",0.000789439059690364,0.114082437263094,1,0,0.107296253666074,56.79
"40125",0.000344972977116793,0.0498523065666718,1,0,0.135075035071055,70.79
"40127",0.000318369945877109,0.046007882345251,1,0,0.0841057055790103,38.91
"40129",0,0,0,0,0.0634691413388395,19.06
"40131",0.00117706406591559,0.170098420905504,1,0,0.150162233240351,76.42
"40133",0.00231003039513678,0.33382424443553,1,0,0.0749717144164909,30.61
"40135",8.75120329045244e-05,0.012646430248222,1,0,0.102637344808383,53.93
"40137",0.00333782280259999,0.482351304763524,1,0,0.107789456262932,56.98
"40139",0,0,0,0,0.0543931089205537,11.1
"40141",0,0,0,0,0.0568964704245524,13.04
"40143",0.00258577270744621,0.373671975123138,1,0,0.329428926924103,98.28
"40145",0.00085279454211493,0.123237986080007,1,0,0.139357158122191,72.51
"40147",0.000595347133174574,0.0860340657539674,1,0,0.13615249123788,71.4
"40149",0,0,0,0,0.0766545775419749,32.29
"40151",0,0,0,0,0.0625541446629957,18.07
"40153",0,0,0,0,0.103083671841504,54.15
"41001",0.000151492198151795,0.0218922524536333,1,0,0.116223964334871,62.23
"41003",0.00292770141915298,0.423084352586496,1,0,0.163494360625607,80.27
"41005",0.00857271163093442,1.23884905972889,1,1,0.345221308166102,98.63
"41007",0.000689877201858069,0.0996946776754127,1,0,0.149806245388878,76.33
"41009",0.000789492571592622,0.114090170308675,1,0,0.171215462746165,81.93
"41011",0.000839790815742261,0.121358807719263,1,0,0.15392558091665,77.41
"41013",0.00753655793025872,1.08911370257717,1,1,0.157599954880364,78.43
"41015",0.00151400454201363,0.218789944657734,1,0,0.135406765032256,71.05
"41017",0.00164775319077631,0.238118063331614,1,0,0.293696688715429,96.66
"41019",0.000511913626209978,0.0739770263826678,1,0,0.148122158069726,75.53
"41021",0.00087719298245614,0.126763823198626,1,0,0.0506235167540617,8.5
"41023",0.000339904826648538,0.0491199042985837,1,0,0.0788811172088552,34.55
"41025",0,0,0,0,0.075888422082453,31.56
"41027",0.000580046403712297,0.08382294573459,1,0,0.13236141029938,69.97
"41029",0.00196594292983318,0.284099903852597,1,0,0.254886381907863,94.15
"41031",0.00100819155639572,0.145694526474035,1,0,0.0921467801866909,45.85
"41033",0.000362591693861044,0.0523984006862364,1,0,0.179375770821071,83.52
"41035",0.0032621046072646,0.471409210927411,1,0,0.149386996166372,76.01
"41037",0,0,0,0,0.0564804795530537,12.73
"41039",0.00131365691375928,0.189837556945754,1,0,0.279696631908582,95.96
"41041",0.000424248138022061,0.0613084201950551,1,0,0.136302335742726,71.56
"41043",0.00172195863635531,0.248841548553092,1,0,0.155120593768837,77.76
"41045",0.000405487598837602,0.058597320448645,1,0,0.0908829486137416,44.73
"41047",0.00097051656010537,0.14025008418565,1,0,0.195171257240582,86.61
"41049",0,0,0,0,0.0510136320212436,8.75
"41051",0.00355922882778312,0.514346857387348,1,0,0.373822888957107,99.3
"41053",0.0010597794088786,0.153149526162959,1,0,0.149411657169301,76.07
"41055",0,0,0,0,0.0643155270026808,19.76
"41057",0.000870776732845698,0.125836606101039,1,0,0.103283908966392,54.22
"41059",0.000240538806927518,0.0347604454248957,1,0,0.121949227233984,65.48
"41061",8.28225940036442e-05,0.0119687558759676,1,0,0.115558686487739,61.85
"41063",0.000291800408520572,0.0421682983502869,1,0,0.12656803634129,67.71
"41065",0.000624951175689399,0.0903121683908652,1,0,0.112626016870979,60.32
"41067",0.00430129808617398,0.621583848737193,1,0,0.304855158387974,97.36
"41069",0,0,0,0,0.0738827279215592,29.49
"41071",0.00069948413045379,0.101082982213121,1,0,0.171320923391264,81.96
"42001",0.00164207892404733,0.237298070742983,1,0,0.160528857377884,79.35
"42003",0.00524813330231695,0.758411723945807,1,0,0.30279769203733,97.14
"42005",0.000448154165032771,0.0647630982898138,1,0,0.159225660195302,78.91
"42007",0.000966754390676191,0.139706410228036,1,0,0.194946954349255,86.57
"42009",0.00125977638969083,0.182051241547131,1,0,0.112256510276133,59.88
"42011",0.00222555392428966,0.321616485562535,1,0,0.247622240001079,93.48
"42013",0.00264537692661059,0.382285426041191,1,0,0.199083867809246,87.5
"42015",0.000326797385620915,0.04722573805439,1,0,0.112211834261702,59.85
"42017",0.00404827972538138,0.585019973518181,1,0,0.359589775680193,99.05
"42019",0.00383932329360558,0.55482352108,1,0,0.230059349770471,91.38
"42021",0.0029729937087617,0.429629575709628,1,0,0.187445005986019,84.98
"42023",0.0016629711751663,0.240317225797838,1,0,0.0594067446977081,15.4
"42025",0.000427990584207147,0.0618492439317069,1,0,0.118533875877588,63.82
"42027",0.00471692288695437,0.681646103927116,1,0,0.145653230496385,74.67
"42029",0.0122047272030597,1.76371438474597,1,1,0.373712052019349,99.27
"42031",0.00035498757543486,0.051299523765152,1,0,0.110494774882711,58.77
"42033",0.000312080641637799,0.0450990102195279,1,0,0.1344244868056,70.63
"42035",0.000139596565924478,0.0201732056182639,1,0,0.11876278489816,63.92
"42037",0.000782239439767563,0.113042014727524,1,0,0.135850392352619,71.24
"42039",0.000401531999011614,0.0580256937176808,1,0,0.164005191245824,80.43
"42041",0.00944380605196075,1.36473157518986,1,1,0.194746969243551,86.51
"42043",0.00192281414098034,0.277867329864596,1,0,0.203701889258287,88.23
"42045",0.0025008658392197,0.361402019198414,1,0,0.281811797967476,96.09
"42047",0.000140696447414703,0.0203321503266174,1,0,0.101499338582849,52.94
"42049",0.00166180690726964,0.240148976561057,1,0,0.218681124011615,90.3
"42051",0.00145824866725634,0.210732620908714,1,0,0.164702283710532,80.62
"42053",0,0,0,0,0.0874858305775548,42.51
"42055",0.00284753164743722,0.411498958071374,1,0,0.152809258244622,77.06
"42057",0.000161030595813205,0.0232706535340472,1,0,0.0753344999489003,30.8
"42059",0.000781127948758007,0.112881392318726,1,0,0.0738631429254381,29.4
"42061",0.00027162841233193,0.0392532278816877,1,0,0.100268940049362,52.12
"42063",0.000225181753844174,0.0325411860363197,1,0,0.142676098120555,73.62
"42065",0.000183161365162708,0.0264687877977471,1,0,0.122880067140791,65.83
"42067",0.000379266750948167,0.0548081258330341,1,0,0.102507368019322,53.77
"42069",0.000755718577774501,0.109209464846253,1,0,0.203797896795945,88.26
"42071",0.0017138562467953,0.247670666092546,1,0,0.304483553314963,97.33
"42073",0.000856248970854602,0.123737188197176,1,0,0.165400197511217,80.75
"42075",0.00165349990813889,0.238948525816259,1,0,0.165473472723121,80.78
"42077",0.00199190416880358,0.287851582186417,1,0,0.23881439699627,92.27
"42079",0.00208243115877423,0.300933706166949,1,0,0.230071083288764,91.41
"42081",0.00131904369332234,0.190616004545996,1,0,0.197956924669788,87.27
"42083",0.0007259767687434,0.1049114534656,1,0,0.104195153320983,54.76
"42085",0.000768176722169165,0.111009800741561,1,0,0.163753332324718,80.37
"42087",0.000158136102472194,0.0228523681060197,1,0,0.128443798898528,68.57
"42089",0.00340892950144406,0.492626987744103,1,0,0.15399207083743,77.47
"42091",0.0101681918654465,1.46941311850453,1,1,0.383208738405143,99.43
"42093",0.000110650069156293,0.0159901254159262,1,0,0.0554962553372802,11.93
"42095",0.00124326564442603,0.179665261226399,1,0,0.232332251074895,91.57
"42097",0.000362737015663644,0.0524194012501489,1,0,0.14681669335097,75.18
"42099",0.0008110300081103,0.117202561594836,1,0,0.114893234342781,61.47
"42101",0.0029468454403072,0.425850869603208,1,0,0.233019315606549,91.66
"42103",0.00198534948997056,0.286904360576885,1,0,0.117002116221035,62.62
"42105",0.000360295442262655,0.0520665676261694,1,0,0.0871515547270062,42.16
"42107",0.000416742163435405,0.0602237261146578,1,0,0.158107908207055,78.52
"42109",0.000492583876087789,0.0711836695319304,1,0,0.117849368977941,63.22
"42111",0.000828812537673297,0.119772328429081,1,0,0.160345080694952,79.32
"42113",0.00053248136315229,0.076949285647728,1,0,0.0865613811209014,41.14
"42115",0.00104235762342462,0.150631890733513,1,0,0.142958626859432,73.85
"42117",7.1301247771836e-05,0.0103037973936851,1,0,0.11249011979944,60.2
"42119",0.00169120573020294,0.244397422760581,1,0,0.104280664462466,54.85
"42121",0.00022375118867819,0.0323344539791762,1,0,0.148037870980177,75.47
"42123",0.00047438330170778,0.0685534907241144,1,0,0.103743684516882,54.5
"42125",0.00168339606859055,0.243268842637764,1,0,0.232700866647473,91.63
"42127",0.000666666666666667,0.0963405056309555,1,0,0.15424151312501,77.51
"42129",0.00201238173763573,0.290810811189491,1,0,0.261462783758761,94.75
"42131",0.00105799749927864,0.152892021055186,1,0,0.105231177300925,55.52
"42133",0.00457455182759286,0.661071954157962,1,0,0.251330922481322,93.73
"44001",0.0109925813613473,1.58854626981242,1,1,0.247475790708482,93.45
"44003",0.0104795630514375,1.51440960475045,1,1,0.260373330088531,94.5
"44005",0.0257975972631076,3.72803034658732,1,1,0.208868109026717,89.06
"44007",0.00471994478438364,0.682082800616566,1,0,0.280720890203928,96.05
"44009",0.00525082322228485,0.758800446320528,1,0,0.212502807941536,89.63
"45001",0.00014553922282055,0.0210319834735021,1,0,0.105880024657325,55.87
"45003",0.00130439459953741,0.188499052892583,1,0,0.145265533124013,74.58
"45005",0,0,0,0,0.0550256925980838,11.61
"45007",0.00165195581922539,0.23872538835626,1,0,0.181157468987624,83.9
"45009",0.000226500566251416,0.0327317686175387,1,0,0.078819370553805,34.36
"45011",0.000675333445888908,0.0975929484696493,1,0,0.0728802526866335,28.16
"45013",0.00330262663750635,0.477265080251436,1,0,0.208367193016291,88.96
"45015",0.0117590933120157,1.69931549316177,1,1,0.243011389305433,92.9
"45017",0.00169939577039275,0.245580971680117,1,0,0.0735702341795678,28.86
"45019",0.00601677461530406,0.869488663058836,1,0,0.290951557285956,96.53
"45021",0.000690165146660094,0.099736288797144,1,0,0.12724377367212,67.96
"45023",0.00164033497366831,0.237046051151017,1,0,0.111880331498869,59.66
"45025",0.000432098765432099,0.06244292031636,1,0,0.0870946756145378,42.06
"45027",0.000603718908476213,0.0872438773523504,1,0,0.104149222535106,54.72
"45029",0.000162284972411555,0.0234519244476523,1,0,0.122658445130957,65.7
"45031",0.0015854840130362,0.229119497228556,1,0,0.104645648487951,55.11
"45033",0.00148934189704924,0.215225927128636,1,0,0.075659364609244,31.18
"45035",0.0028558420595174,0.412699902024084,1,0,0.191742144874478,85.78
"45037",0.000920931456387317,0.13308450323971,1,0,0.091008971745257,44.86
"45039",0.000286697247706422,0.04143083671056,1,0,0.0999823998825202,51.89
"45041",0.000820975266491178,0.118639758426403,1,0,0.156724607710613,78.27
"45043",0.00152470014230535,0.22033557396793,1,0,0.142931451732605,73.81
"45045",0.00379886578449905,0.548976975754163,1,0,0.311720047881135,97.68
"45047",0.000484590036828843,0.0700284737577211,1,0,0.135631233757285,71.17
"45049",0.000170561146170902,0.0246479205946501,1,0,0.096907729122488,49.67
"45051",0.00148020905668652,0.213906133441049,1,0,0.24231942672015,92.81
"45053",0.000548331505561648,0.0792398017487884,1,0,0.12385081722572,66.43
"45055",0.000971188086759469,0.140347127011751,1,0,0.154602825375776,77.73
"45057",0.00338053905893102,0.488524263363913,1,0,0.196421475480081,86.83
"45059",0.000608854483778377,0.0879860232343248,1,0,0.111011716786341,58.99
"45061",0.000915750915750916,0.132335859383181,1,0,0.0915270766269566,45.24
"45063",0.0019203756607653,0.277514943239264,1,0,0.263505326792546,94.94
"45065",0.00119856172592889,0.173205064058849,1,0,0.101540197030154,53.07
"45067",0.000122354092744402,0.0176814827415188,1,0,0.0909688133166477,44.77
"45069",0.000153491941673062,0.0221812369065899,1,0,0.0699352803922483,24.91
"45071",0.000433490215506564,0.0626439998219614,1,0,0.0889985493483221,43.68
"45073",0.00113781332965555,0.164426267238986,1,0,0.161371056463879,79.51
"45075",0.000687306694992033,0.0993232117786101,1,0,0.131443609790497,69.62
"45077",0.00413626821309056,0.59773525661159,1,0,0.144179080228842,74.36
"45079",0.0067722509982275,0.978663128143471,1,0,0.23950896310747,92.36
"45081",0.000527704485488127,0.076258975433474,1,0,0.0601110280454609,16.13
"45083",0.00126298869051036,0.18251545357492,1,0,0.230550697202231,91.44
"45085",0.00248782894031355,0.359518047049698,1,0,0.141459831138602,73.34
"45087",0.000239779402949287,0.0346507033800343,1,0,0.0714578818495199,26.38
"45089",0.000133067198935462,0.0192296418425061,1,0,0.0739147350360964,29.53
"45091",0.00233009708737864,0.336724097350912,1,0,0.28659449907251,96.34
"46003",0.000901713255184851,0.130307266407965,1,0,0.0406974560318032,3.37
"46005",0.000197882655585238,0.0285961726420171,1,0,0.0949294657272009,48.23
"46007",0,0,0,0,0.0438864756016321,4.77
"46009",0.000925925925925926,0.133806257820772,1,0,0.061105812361359,16.77
"46011",0.00075354609929078,0.108895518332862,1,0,0.11847082089166,63.76
"46013",0.000779153320058869,0.112596037227764,1,0,0.146113650542578,74.86
"46015",0.00156739811912226,0.22650589098187,1,0,0.066491946600972,21.7
"46017",0,0,0,0,0.0360638652363591,2.07
"46019",0.00310822266176886,0.44917161427261,1,0,0.113253772773035,60.67
"46021",0,0,0,0,0.0446574403850295,5.31
"46023",0,0,0,0,0.0758661251318564,31.43
"46025",0.00344318740777177,0.497577623770306,1,0,0.0383149716143687,2.58
"46027",0.00169491525423729,0.24493348889226,1,0,0.0626288617493085,18.14
"46029",0.00108735048930772,0.157133843906959,1,0,0.150587049963077,76.58
"46031",0,0,0,0,0.0322381951880166,1.08
"46033",0.00280024891101431,0.404666093969477,1,0,0.114077894217216,61.02
"46035",0.000717566016073479,0.103696009218164,1,0,0.131425076543042,69.58
"46037",0,0,0,0,0.0687110592704513,23.96
"46039",0,0,0,0,0.0652640709340415,20.68
"46041",0.000368324125230203,0.0532267986911356,1,0,0.044686896065575,5.38
"46043",0,0,0,0,0.0436012745504101,4.58
"46045",0,0,0,0,0.0501044326855331,8.18
"46047",0.00323729362253156,0.467823756705838,1,0,0.0779487107862365,33.5
"46049",0.00294406280667321,0.42544874910628,1,0,0.044896359670703,5.5
"46051",0,0,0,0,0.0627286363545619,18.2
"46053",0,0,0,0,0.0704756565553969,25.36
"46055",0,0,0,0,0.0544136332341653,11.17
"46057",0.000295770482105886,0.0427420166951888,1,0,0.0445559048929563,5.25
"46059",0,0,0,0,0.0475788756148274,6.71
"46061",0.00434310532030402,0.627625443849873,1,0,0.0643929657736629,19.79
"46063",0,0,0,0,0.0340873479158363,1.53
"46065",0.00263982841115327,0.381483605864203,1,0,0.123358232614336,66.05
"46067",0.000289771080846132,0.0418750386689172,1,0,0.0521055683457778,9.39
"46069",0,0,0,0,0.0342174554674382,1.59
"46071",0,0,0,0,0.0401604868023363,3.05
"46073",0,0,0,0,0.0294280992229773,0.67
"46075",0,0,0,0,0.0383954362083283,2.61
"46077",0.0003933910306845,0.0568492362102412,1,0,0.0568841886844214,13.01
"46079",0.0044080604534005,0.637012159398635,1,0,0.0854363890045714,40.28
"46081",0.0020545746388443,0.296908139344197,1,0,0.149685914754634,76.3
"46083",0.00634993938694222,0.917634556895899,1,0,0.181070597596671,83.87
"46085",0,0,0,0,0.0425411123479179,4.04
"46087",0.000541418516513265,0.0782408004582746,1,0,0.0767509771247879,32.36
"46089",0.00343642611683849,0.496600544489461,1,0,0.0366370835151712,2.13
"46091",0.000779423226812159,0.112635041657391,1,0,0.0435872479623717,4.49
"46093",0.00683328653000094,0.987483419132231,1,0,0.142598111929679,73.56
"46095",0.00469483568075117,0.678454265006729,1,0,0.0318482209314949,0.95
"46097",0.00282752120640905,0.408607234061545,1,0,0.0555001014132307,12.03
"46099",0.0051933482908803,0.750494700391599,1,0,0.24081460370585,92.55
"46101",0,0,0,0,0.0499097507902875,8.02
"46102",0,0,0,0,0.0338144586830748,1.43
"46103",0.00380902253556242,0.550444735553681,1,0,0.233938970321395,91.82
"46105",0,0,0,0,0.0596052644415323,15.65
"46107",0.000836820083682008,0.120929504976095,1,0,0.0442770664236736,4.96
"46109",0,0,0,0,0.0557751604460727,12.25
"46111",0,0,0,0,0.0341740279867208,1.56
"46115",0,0,0,0,0.0437432418476362,4.74
"46117",0.00304506699147381,0.440044940458079,1,0,0.0706047220800553,25.58
"46119",0,0,0,0,0.0344227101504647,1.65
"46121",0.000311332503113325,0.0449908961539331,1,0,0.0282142078319584,0.54
"46123",0.00548033526756931,0.791967406057178,1,0,0.0710373585219765,25.96
"46125",0.000294290759270159,0.0425281808259074,1,0,0.0652987727956108,20.71
"46127",0.0415048992420041,5.9979044687048,1,1,0.143899723800323,74.23
"46129",0.000402738622633911,0.0582000638124983,1,0,0.0712363197015856,26.15
"46135",0.000410874477847018,0.0593757824199548,1,0,0.123397720357662,66.15
"46137",0,0,0,0,0.0337701366933867,1.4
"47001",0.00587217954390058,0.848593119622703,1,0,0.124095568618544,66.59
"47003",0.00146198830409357,0.211273038664376,1,0,0.111898504451851,59.69
"47005",0,0,0,0,0.104217531669893,54.79
"47007",0.00236686390532544,0.342037298098067,1,0,0.093157407841634,46.9
"47009",0.00317221018248061,0.458418499421771,1,0,0.189463970806984,85.46
"47011",0.00194576952046196,0.281184629163911,1,0,0.162183563914984,79.7
"47013",0.000819746789325075,0.118462230259395,1,0,0.120123975246296,64.52
"47015",0.00219366969602006,0.317008871552815,1,0,0.110203406112601,58.48
"47017",0.000664378252685195,0.0960098051908537,1,0,0.0951474091763799,48.46
"47019",0.00188258262445963,0.272053442898738,1,0,0.114250548396818,61.12
"47021",0.00269405623842398,0.389320110311994,1,0,0.123787864441487,66.4
"47023",0.00148148148148148,0.214090012513234,1,0,0.0867064753340587,41.3
"47025",0.000882872277810477,0.127584542477722,1,0,0.0847055768846668,39.55
"47027",0.00228180262407302,0.329745027829853,1,0,0.0753877227755356,30.86
"47029",0.000807836009290114,0.116740994402854,1,0,0.0930715603792778,46.68
"47031",0.00920318051091186,1.32995859575131,1,1,0.159175130629515,78.87
"47033",0.05826050769871,8.41927015501484,1,1,0.078774357095587,34.3
"47035",0.00173085244482908,0.250126799561113,1,0,0.142252285445784,73.5
"47037",0.0061440640413536,0.887883354559466,1,0,0.320343638599114,98
"47039",0.000715137067938021,0.103345000080882,1,0,0.112484918004182,60.17
"47041",0.00101463980286998,0.14662636746268,1,0,0.0798588147458891,35.35
"47043",0.00175934071021807,0.254243660399299,1,0,0.140150899970991,72.8
"47045",0.00111099354565654,0.160550519911919,1,0,0.0907648692289971,44.67
"47047",0.00180831826401447,0.261321443845268,1,0,0.156614128262755,78.24
"47049",0.00156028368794326,0.225477779136279,1,0,0.0821239262597854,37.16
"47051",0.00213337003647375,0.308294922017716,1,0,0.106128833252864,56
"47053",0.000693000693000693,0.100146055749434,1,0,0.120917218544363,65.03
"47055",0.00194071983062809,0.280454894656098,1,0,0.107010804800093,56.63
"47057",0.00110091743119266,0.15909441296855,1,0,0.0840524334101817,38.82
"47059",0.00147887323943662,0.21371309347712,1,0,0.123647039913727,66.37
"47061",0.000675904021628929,0.0976754028025909,1,0,0.0839784161282818,38.69
"47063",0.00126855600539811,0.183319990471859,1,0,0.131860735106861,69.77
"47065",0.00338771760115595,0.489561639945378,1,0,0.276547316286325,95.7
"47067",0,0,0,0,0.0650318130095408,20.46
"47069",0.000257300913418243,0.0371827501470303,1,0,0.0746582902314368,30.23
"47071",0.000922509225092251,0.133312507791913,1,0,0.10718068479511,56.73
"47073",0.00278770550393138,0.40285343669842,1,0,0.09287116976367,46.52
"47075",0.000957446808510638,0.138361364469989,1,0,0.0567236954676097,12.92
"47077",0.000931195033626487,0.134567700570916,1,0,0.0914306027122865,45.08
"47079",0.000557530141473273,0.08056910360105,1,0,0.124154826928886,66.66
"47081",0.00224677026774012,0.324682475446021,1,0,0.107285715568516,56.76
"47083",0.00148441365660564,0.214513743364324,1,0,0.106991075626384,56.6
"47085",0.000871206621170321,0.125898729588878,1,0,0.0839539722217226,38.66
"47087",0.0019723865877712,0.285031081748389,1,0,0.0960497629536964,49.09
"47089",0.000653439467743852,0.0944290330824977,1,0,0.102180154775398,53.48
"47091",0.00334382376081825,0.483218507787051,1,0,0.0795035105839195,35.19
"47093",0.00390781631224472,0.564721499151828,1,0,0.288447066806502,96.44
"47095",0.00150905432595573,0.218074585180734,1,0,0.0514842458917992,8.97
"47097",0.000130924325739722,0.0189199736117352,1,0,0.0611320057354489,16.8
"47099",0.000349454850433324,0.0504999854789046,1,0,0.11120809798025,59.12
"47101",0.00103815208928108,0.150024145804758,1,0,0.0932589020426377,46.99
"47103",0.00041243916522313,0.0596018965794083,1,0,0.1024899398751,53.74
"47105",0.00252501636584682,0.36489203011818,1,0,0.131112335394314,69.49
"47107",0.000758150113722517,0.109560847950291,1,0,0.112531262858748,60.23
"47109",0.000593559875352426,0.0857757877705495,1,0,0.115579032785196,61.88
"47111",0.00164744645799012,0.238073737144042,1,0,0.088476371289576,43.43
"47113",0.00084786101029333,0.122525037654648,1,0,0.163560096955237,80.31
"47115",0.00178271812080537,0.257621947733784,1,0,0.0974623364037213,50.05
"47117",0.00282087447108604,0.407646709298824,1,0,0.111597991372473,59.4
"47119",0.00681752248331883,0.985205344790015,1,0,0.180821404302963,83.81
"47121",0.00163265306122449,0.235935932157442,1,0,0.0634894612134126,19.09
"47123",0.000745241916991516,0.107695474650518,1,0,0.0928404008403175,46.42
"47125",0.00313937753721245,0.453673828952267,1,0,0.185587130555479,84.63
"47127",0.000728332119446468,0.105251826982107,1,0,0.0516639392326901,9.1
"47129",0.000226039783001808,0.0326651804806585,1,0,0.0629428665071627,18.42
"47131",0.00125193313204212,0.180917806435626,1,0,0.0946325307706607,47.98
"47133",0.00178497871756144,0.257948628285546,1,0,0.112149839044261,59.78
"47135",0,0,0,0,0.068603691978192,23.77
"47137",0.00143988480921526,0.208078845855195,1,0,0.0918064999268499,45.43
"47139",0.00230813618003462,0.333550509974456,1,0,0.0955872068554147,48.81
"47141",0.0018329756795422,0.26488470566451,1,0,0.162694887198155,79.96
"47143",0.00110172603745869,0.159211265273338,1,0,0.0669743535716075,22.14
"47145",0.0014473131331995,0.209152318588143,1,0,0.0905881729625508,44.54
"47147",0.00155313956068338,0.224445375887516,1,0,0.140970019336583,73.11
"47149",0.00254422815218034,0.367668339932349,1,0,0.223159006728053,90.8
"47151",0.000588148801646817,0.0849938294053423,1,0,0.0833119846051019,38.28
"47153",0.00248699977390911,0.359398223583714,1,0,0.0973256522856339,49.98
"47155",0.000895815022648908,0.129454908350703,1,0,0.1405527819053,73.02
"47157",0.00368750034278945,0.532883471307986,1,0,0.276840045453713,95.74
"47159",0.00196850393700787,0.284469996941798,1,0,0.0829693433329379,37.89
"47161",0.000280583613916947,0.0405473508547793,1,0,0.0740231919234247,29.59
"47163",0.0017419130075741,0.25172516987224,1,0,0.181304198603593,83.96
"47165",0.00345678342912916,0.499542395128518,1,0,0.243620012224308,92.97
"47167",0.0023019634394042,0.332658482544261,1,0,0.117520393183817,63.03
"47169",0.000399680255795364,0.0577580969010525,1,0,0.0721047881011217,27.27
"47171",0.000172980453208787,0.0249975364896096,1,0,0.0714891054445873,26.41
"47173",0.00370272414705104,0.535083474808269,1,0,0.105273021190836,55.58
"47175",0.000767459708365311,0.11090618453295,1,0,0.092470305868983,46.13
"47177",0.000735113942661112,0.106231873398505,1,0,0.11497768300809,61.57
"47179",0.0037785306953333,0.546038336595745,1,0,0.179851858822929,83.65
"47181",0.000422922393740749,0.0611168358834566,1,0,0.0727833023648167,27.97
"47183",0.000157282164202579,0.0227289648390112,1,0,0.0969113005564224,49.7
"47185",0.00175029171528588,0.252935983278471,1,0,0.102476017158998,53.67
"47187",0.0125930433968447,1.81983025242688,1,1,0.337901736632017,98.44
"47189",0.00321141597914595,0.464084158833377,1,0,0.175723736647866,82.91
"48001",0.00732680135264025,1.0588016204564,1,1,0.163215013272103,80.15
"48003",0.00245069436340296,0.354151701175761,1,0,0.073397679373433,28.79
"48005",0.000503271263210871,0.0727281119508975,1,0,0.145900716086602,74.77
"48007",0.00116746659748346,0.168711483463212,1,0,0.148034530728287,75.44
"48009",0.000405022276225192,0.0585300763250033,1,0,0.0718525768147811,26.89
"48011",0.00137931034482759,0.199325184064046,1,0,0.0646180278652567,20.01
"48013",0.000935125657510228,0.135135718009523,1,0,0.0991119916702469,51.26
"48015",0.00822432327418728,1.18850319406146,1,1,0.194527704635386,86.48
"48017",0,0,0,0,0.0525823303091378,9.8
"48019",0.000779423226812159,0.112635041657391,1,0,0.12391717430565,66.5
"48021",0.00121750340184774,0.17594234001213,1,0,0.171468721790499,81.99
"48023",0.0108283703302653,1.56481600916549,1,1,0.0788386514401704,34.39
"48025",0.00051376900945335,0.0742451492223763,1,0,0.0842745520610215,39.04
"48027",0.00462812510505732,0.668813869116812,1,0,0.136440715741416,71.68
"48029",0.00535907775829135,0.774444391424094,1,0,0.263515717760681,94.97
"48031",0.00519630484988453,0.750921954975692,1,0,0.126367439665993,67.64
"48033",0.0166358595194085,2.40406067655804,1,1,0.0784374728110189,33.85
"48035",0.00215011727912432,0.310715078755036,1,0,0.0929015272979208,46.55
"48037",0.00255315497007016,0.368958361156119,1,0,0.169083670290199,81.61
"48039",0.00171469933028342,0.247792500726848,1,0,0.189984437508941,85.52
"48041",0.00383131008350291,0.553665526010473,1,0,0.155822161581781,78.01
"48043",0.00437845040928993,0.632733189466584,1,0,0.0937704779270541,47.41
"48045",0,0,0,0,0.0613442015683482,17.02
"48047",0,0,0,0,0.0497727163279186,7.92
"48049",0.000787623066104079,0.113820006652606,1,0,0.115871424616602,62.14
"48051",0.00138840680319334,0.200639720161657,1,0,0.100738013470887,52.4
"48053",0.0022544599098216,0.325793711455397,1,0,0.189402497021855,85.43
"48055",0.00151842084232398,0.219428147565111,1,0,0.117887784475647,63.38
"48057",0.00158050707935463,0.228400276767494,1,0,0.071988589521933,27.08
"48059",0.00840336134453781,1.2143761213986,1,1,0.128345518366502,68.44
"48061",0.000899687655606355,0.130014545476568,1,0,0.153511209131102,77.22
"48063",0.000615889960993636,0.0890027253827345,1,0,0.075791230009688,31.34
"48065",0.00193316763325048,0.279363520885124,1,0,0.0335079026416824,1.34
"48067",0.000667185588791282,0.0964154954607583,1,0,0.0798970671546544,35.41
"48069",0.00109289617486339,0.157935255132714,1,0,0.0420041256025845,3.82
"48071",0.000523518041237113,0.0756539891995664,1,0,0.102548132040459,53.87
"48073",0.000388586654824026,0.0561549522107823,1,0,0.111212536490874,59.18
"48075",0.000947867298578199,0.136977022224107,1,0,0.0759505336399535,31.63
"48077",0.000460193281178095,0.0665028800949992,1,0,0.0779722441214499,33.53
"48079",0,0,0,0,0.0742500449368037,29.94
"48081",0.00156494522691706,0.22615142166891,1,0,0.0646066629201515,19.92
"48083",0.000381242851696531,0.0550936936509467,1,0,0.0869777882155701,41.74
"48085",0.0341453515273031,4.93437064663065,1,1,0.326043492293503,98.15
"48087",0.000962463907603465,0.139086389265095,1,0,0.065618784026015,20.97
"48089",0.000444543231829295,0.0642412795938801,1,0,0.0976812947284495,50.17
"48091",0.00587734633787265,0.849339776938344,1,0,0.244838179241656,93.13
"48093",0.000167897918065816,0.0242630554812682,1,0,0.0793012050778997,34.87
"48095",0.000768639508070715,0.111076678283192,1,0,0.0671585744098969,22.43
"48097",0.000901330788399343,0.130251995842711,1,0,0.116984132008909,62.58
"48099",0.0186668203030478,2.69755635977671,1,1,0.141973732928191,73.4
"48101",0.0204271123491179,2.95193749844153,1,1,0.129599307656032,68.79
"48103",0.00271923861318831,0.39295923438867,1,0,0.050137414545694,8.24
"48105",0,0,0,0,0.0638050983657939,19.47
"48107",0.012524719841793,1.8099567636666,1,1,0.0789075687229542,34.65
"48109",0.00272479564032698,0.393762284595186,1,0,0.0516884895305355,9.13
"48111",0.00449264136328428,0.649235010836029,1,0,0.0562630629812573,12.5
"48113",0.0159787541547204,2.30910188192774,1,1,0.446187907944185,99.97
"48115",0,0,0,0,0.0752959370290804,30.77
"48117",9.57029380801991e-05,0.0138301041675216,1,0,0.0500867401006366,8.15
"48119",0.000781860828772478,0.112987301365468,1,0,0.0764162115061568,32.2
"48121",0.00936812028666448,1.3537941678433,1,1,0.333477162362503,98.35
"48123",0.000375422350143912,0.0542525685570391,1,0,0.0798846927687602,35.38
"48125",0,0,0,0,0.0813293230310606,36.72
"48127",0.000156372165754496,0.0225974602730935,1,0,0.0645093641433665,19.82
"48129",0,0,0,0,0.0660718332221258,21.22
"48131",0.000710900473933649,0.102732766668081,1,0,0.0535123524470696,10.53
"48133",0.000290697674418605,0.0420089414088469,1,0,0.0971038268292453,49.86
"48135",0.000340244068411741,0.0491689283830808,1,0,0.158122752148262,78.56
"48137",0,0,0,0,0.0802988728460509,35.67
"48139",0.00173671881310752,0.250974552890356,1,0,0.202610543188016,88.04
"48141",0.00287407672146772,0.415335006852538,1,0,0.205293985692694,88.45
"48143",0.000630914826498423,0.0911739800923869,1,0,0.122258457019417,65.61
"48145",0.000250752256770311,0.0362363988080324,1,0,0.0757942771618696,31.37
"48147",0.000765916706558162,0.110683204171514,1,0,0.102255426335236,53.55
"48149",0.000442360435282668,0.0639258420093927,1,0,0.130680805662302,69.23
"48151",0.000859845227858985,0.124256886024448,1,0,0.0528034595800572,10.02
"48153",0,0,0,0,0.0486686114190176,7.32
"48155",0,0,0,0,0.0622071119103301,17.91
"48157",0.00641579726750692,0.927151729165979,1,0,0.255436768141961,94.24
"48159",0.00254041570438799,0.367117400210339,1,0,0.0531732214446872,10.28
"48161",0.000340773555972057,0.04924544503201,1,0,0.0778125581917659,33.38
"48163",0.000395256916996047,0.0571188768562977,1,0,0.0511795410884657,8.88
"48165",0.000114929318469141,0.0166085229797073,1,0,0.0983207968605527,50.75
"48167",0.00128256066023992,0.185343813764829,1,0,0.173212892368087,82.34
"48169",0.000505050505050505,0.0729852315386026,1,0,0.0551540202627255,11.68
"48171",0.00703748815807281,1.01699275128089,1,1,0.173888215271054,82.47
"48173",0,0,0,0,0.0575520554277517,13.65
"48175",0.000559910414333707,0.0809130786374206,1,0,0.0718704899585262,26.92
"48177",0.000222296320995888,0.0321242099469675,1,0,0.057366582381442,13.55
"48179",0.000345821325648415,0.0499749020564034,1,0,0.0811549434851288,36.53
"48181",0.000777355302070131,0.112336204284511,1,0,0.180797195334669,83.77
"48183",0.00127393171725995,0.184096838670203,1,0,0.201710110012769,87.94
"48185",0.00256226299067336,0.370274568121434,1,0,0.10694342170106,56.54
"48187",0.00251790210539474,0.363863942944465,1,0,0.172779839848753,82.25
"48189",0.000309981401115933,0.0447956473795515,1,0,0.0856064753496345,40.41
"48191",0.000944287063267233,0.136459639703903,1,0,0.0756496008106884,31.15
"48193",0.000844594594594595,0.122053005444623,1,0,0.0575561470165267,13.68
"48195",0,0,0,0,0.0554993237158386,11.96
"48197",0,0,0,0,0.049300827827427,7.64
"48199",0.000817940154045396,0.118201152024893,1,0,0.118568636690044,63.86
"48201",0.00652513294935645,0.942951911475313,1,0,0.359123861165489,99.01
"48203",0.000981585456829872,0.141849658846473,1,0,0.13471598548902,70.7
"48205",0.000245821042281219,0.0355237852621517,1,0,0.0402205187238614,3.12
"48207",0.00106723585912487,0.154227063443365,1,0,0.0710817193555226,26.06
"48209",0.00271637573492548,0.392545517679569,1,0,0.235559606650537,91.98
"48211",0,0,0,0,0.0697595045251098,24.85
"48213",0.00232616100357232,0.336155290894752,1,0,0.148491242044518,75.72
"48215",0.00090821481762696,0.131246812127561,1,0,0.168190800754249,81.45
"48217",0.000747607655502392,0.10803734931701,1,0,0.103939155263089,54.69
"48219",0.00019714144898965,0.0284890603147232,1,0,0.0579905762157068,14.19
"48221",0.00125436788818206,0.181269654892041,1,0,0.174929692525495,82.63
"48223",0.000795447592241327,0.114950734859183,1,0,0.125108679617733,67.13
"48225",0.00960092539039907,1.38743700995419,1,1,0.192757680470392,86.13
"48227",0.000141552834595513,0.0204559074876401,1,0,0.108456720696033,57.59
"48229",0,0,0,0,0.0510180503421192,8.78
"48231",0.00106223120368931,0.15350383689061,1,0,0.14359081121722,74.1
"48233",0.000595947556615018,0.086120833400735,1,0,0.0597153487433861,15.72
"48235",0,0,0,0,0.0433156484113429,4.33
"48237",0.000359712230215827,0.0519822872109472,1,0,0.0757621435817772,31.31
"48239",0,0,0,0,0.0577401535735717,13.84
"48241",0.000651890482398957,0.0942051880354845,1,0,0.0950999722949007,48.36
"48243",0,0,0,0,0.06200692518431,17.75
"48245",0.0010909566962922,0.157654979613401,1,0,0.18877284501683,85.33
"48247",0,0,0,0,0.047937335610756,6.81
"48249",0.000118497452304775,0.0171241567065331,1,0,0.0727522273992264,27.9
"48251",0.00168861870989531,0.244023570493808,1,0,0.192669082521785,86.1
"48253",0.0031055900621118,0.448791175299482,1,0,0.0786336374919694,34.04
"48255",0.00262965668371074,0.380013681816771,1,0,0.0613640587335241,17.09
"48257",0.00700828078705462,1.01277197194283,1,1,0.200201293931882,87.75
"48259",0.00261541016273663,0.37795490626558,1,0,0.199060660194415,87.46
"48261",0,0,0,0,0.0158273235622978,0.06
"48263",0,0,0,0,0.065470761463829,20.84
"48265",0.000908422373145304,0.131276806132937,1,0,0.158383125043319,78.78
"48267",0.00061012812690665,0.0881700783687817,1,0,0.0857991757499786,40.6
"48269",0.0111008325624422,1.60418973298538,1,1,0.0458921160901212,5.89
"48271",0,0,0,0,0.0379510955227666,2.42
"48273",0.000213766566908935,0.0308915687145005,1,0,0.0862119971634961,40.88
"48275",0,0,0,0,0.0417541437225287,3.79
"48277",0.000400176077474089,0.0578297484678992,1,0,0.12137470127961,65.26
"48279",0.000190331176246669,0.0275049026354079,1,0,0.0501897219133088,8.27
"48281",0.00140471359450601,0.202996226942079,1,0,0.102466362878211,53.64
"48283",0.00028169014084507,0.0407072559004037,1,0,0.0485255221443534,7.22
"48285",0.00192254875034331,0.277828978062355,1,0,0.0852717664902653,40.22
"48287",0.00114798580672094,0.165896299614983,1,0,0.0811424585630469,36.49
"48289",0.00252150697122516,0.364384884839716,1,0,0.0661570110291518,21.32
"48291",0.000509903902726025,0.0736865997177342,1,0,0.115663543357689,62.01
"48293",0.000394321766561514,0.0569837375577418,1,0,0.0664515721985263,21.67
"48295",0,0,0,0,0.0453109162469426,5.66
"48297",0.00507263085081854,0.733049731570563,1,0,0.0614396536394436,17.18
"48299",0.00101214574898785,0.146265949844568,1,0,0.120639570658101,64.91
"48301",0,0,0,0,0.0178851332600755,0.1
"48303",0.00341241563106515,0.493130770979689,1,0,0.217815542675182,90.26
"48305",0.00860832137733142,1.24399505118881,1,1,0.0788155636512046,34.33
"48307",0.000358551452133381,0.0518145422898649,1,0,0.0670784669214855,22.27
"48309",0.00240796311205445,0.347976575634023,1,0,0.210252952163024,89.18
"48311",0.00124843945068664,0.180412931893175,1,0,0.0585324925971383,14.6
"48313",0.000186150409530901,0.0269007368664247,1,0,0.0551917448907593,11.74
"48315",0.0114054451802796,1.64820953342142,1,1,0.0788757763224038,34.52
"48317",0,0,0,0,0.0591898939299705,15.14
"48319",0.000617665225447807,0.0892592701954498,1,0,0.096561091770679,49.54
"48321",0.000669742521208513,0.0967849997036686,1,0,0.0963438880482812,49.44
"48323",0.000230978888529588,0.033378934366525,1,0,0.0989515178462695,51.1
"48325",0.000892259647557439,0.128941118399673,1,0,0.104347032004024,54.95
"48327",0,0,0,0,0.070121817281731,25.1
"48329",0.00160814794961136,0.232394679892415,1,0,0.136845597765268,71.75
"48331",0.0114832535885167,1.65945368550928,1,1,0.113390615836222,60.74
"48333",0,0,0,0,0.0733816101011875,28.76
"48335",0,0,0,0,0.0484728620512789,7.13
"48337",0.00130314383450073,0.188318303888494,1,0,0.108164634378122,57.4
"48339",0.00338207275965864,0.488745899619291,1,0,0.260411888486108,94.53
"48341",0.000604107933950866,0.0873000957187474,1,0,0.0461740827202437,6.05
"48343",0.000753201104694954,0.108845662902159,1,0,0.0575717881952929,13.74
"48345",0,0,0,0,0.0827284948814165,37.73
"48347",0.000115211797688083,0.0166493442658819,1,0,0.124232977783365,66.72
"48349",0.000577761437050265,0.083492743469235,1,0,0.124263034511834,66.75
"48351",0.00058343057176196,0.0843119944261571,1,0,0.0616814094860436,17.5
"48353",0.000284697508896797,0.0411418529384863,1,0,0.0740430574657792,29.65
"48355",0.00150344812559239,0.217264428914225,1,0,0.210516211428559,89.25
"48357",0.000191021967526266,0.0276047294071506,1,0,0.0570418619363827,13.24
"48359",0,0,0,0,0.0327301100086558,1.15
"48361",0.000434059176734428,0.0627262208405266,1,0,0.12816585827479,68.34
"48363",0.000812512695510867,0.117416825875631,1,0,0.117859140506996,63.28
"48365",0.0015954415954416,0.230558475014252,1,0,0.0924479385043996,46.07
"48367",0.00193692283612459,0.279906188100581,1,0,0.228169992332153,91.22
"48369",0.000119090151244492,0.017209808079842,1,0,0.0387882066145108,2.74
"48371",0.0024370430544273,0.352178940161901,1,0,0.0793675173674363,35
"48373",0.00187508082244924,0.270969351800502,1,0,0.100760841111065,52.43
"48375",0.00201247499117336,0.290824287328941,1,0,0.200460875096786,87.81
"48377",0.00182415176942722,0.26360955572133,1,0,0.0701922587362818,25.14
"48379",0.00101522842639594,0.146711429894856,1,0,0.0933245566553697,47.09
"48381",0.00110107410902881,0.159117054601484,1,0,0.189829815010258,85.49
"48383",0,0,0,0,0.0591644850211973,15.08
"48385",0,0,0,0,0.0664430340831891,21.64
"48387",0.000288683602771363,0.0417178863875385,1,0,0.0673706346782374,22.59
"48389",0.00249287749287749,0.36024761720977,1,0,0.066122044001066,21.25
"48391",0,0,0,0,0.0546916713387683,11.29
"48393",0,0,0,0,0.0673772807720089,22.65
"48395",0.000268708853956738,0.0388313202865601,1,0,0.0710537225420265,25.99
"48397",0.00308521359962155,0.44584655725056,1,0,0.219261437117691,90.39
"48399",0,0,0,0,0.0577992458469716,13.9
"48401",0.00026214037617144,0.0378821045799681,1,0,0.10246357571513,53.61
"48403",0.00242047026279391,0.349783993473386,1,0,0.0705864561798083,25.49
"48405",0,0,0,0,0.0440325791725955,4.9
"48407",0.00515603799185889,0.745102960782152,1,0,0.118505323593094,63.79
"48409",0.000282965478211658,0.0408915558705244,1,0,0.103889274515417,54.63
"48411",0.000505561172901921,0.073059028537125,1,0,0.0679664284974247,23.29
"48413",0,0,0,0,0.0617911311609324,17.66
"48415",0.00194958919370561,0.281736613041368,1,0,0.0688537286695012,24.09
"48417",0,0,0,0,0.0607044859504663,16.58
"48419",9.98203234178479e-05,0.0144251106454815,1,0,0.0726591247093102,27.74
"48421",0.0018018018018018,0.260379744948528,1,0,0.0311725361841728,0.92
"48423",0.00197153261533466,0.284907673543892,1,0,0.206503491732803,88.67
"48425",0.00332741792369122,0.480847687820874,1,0,0.0760298146935508,31.69
"48427",0.000258692052980132,0.0373837847802238,1,0,0.0872232265412888,42.22
"48429",0.0002710027100271,0.0391628071670551,1,0,0.0679956157152133,23.32
"48431",0,0,0,0,0.0436663175026162,4.68
"48433",0,0,0,0,0.0805950554002832,35.98
"48435",0,0,0,0,0.0487213883433334,7.38
"48437",0.0023696682464455,0.342442555560268,1,0,0.0594640258275644,15.46
"48439",0.0064202332908916,0.927792782269786,1,0,0.334780974963654,98.38
"48441",0.00101944221947135,0.14732036832812,1,0,0.175033433771631,82.69
"48443",0.0159574468085106,2.30602274116649,1,1,0.0612665904433667,16.93
"48445",0.000253936008125952,0.036696485131141,1,0,0.0691931182309728,24.47
"48447",0,0,0,0,0.0591812471662862,15.11
"48449",0.000690754516471839,0.0998214590756447,1,0,0.0818128138729132,36.97
"48451",0.0036046860919195,0.520915921104596,1,0,0.176251734463986,83.04
"48453",0.0210600608801112,3.04340537071292,1,1,0.401993708919153,99.68
"48455",0.000331345261762757,0.0478829550849679,1,0,0.0869817098518436,41.78
"48457",0.00102522042239081,0.148155380814469,1,0,0.0774286327246281,33.03
"48459",0.0012396694214876,0.179145568322025,1,0,0.0962433517159653,49.28
"48461",0,0,0,0,0.0287527953220198,0.57
"48463",0.000170125893160939,0.0245850218520642,1,0,0.107504776077995,56.89
"48465",0.00123234012587474,0.178086406254132,1,0,0.0983936720720506,50.78
"48467",0.00155202383908617,0.224284142113287,1,0,0.151664757534623,76.71
"48469",0.000427299703264095,0.0617494042026302,1,0,0.183158285163264,84.22
"48471",0.00115097504028413,0.166328276024373,1,0,0.0779725498445503,33.57
"48473",0.00158704453441296,0.229345009356283,1,0,0.123525412799132,66.27
"48475",0.000143287003868749,0.0207065136045899,1,0,0.0712137606231499,26.09
"48477",0.000895538113048517,0.129414891934329,1,0,0.129806193124787,68.88
"48479",0.00035909280100546,0.0518927730259531,1,0,0.151766144372399,76.77
"48481",0.000145327713995059,0.0210014181727123,1,0,0.0997257659606772,51.64
"48483",0,0,0,0,0.0663020174965991,21.54
"48485",0.000731471970616615,0.105705569256114,1,0,0.149823777028481,76.36
"48487",0,0,0,0,0.0594995035909545,15.56
"48489",0.000191828122002686,0.027721227401963,1,0,0.0638952005397889,19.5
"48491",0.0111130036526051,1.60594858645594,1,1,0.30147831565865,97.07
"48493",0.00116337045039056,0.168119546140108,1,0,0.128375784132235,68.5
"48495",0.00153441473038141,0.221739436458797,1,0,0.0447416402384568,5.41
"48497",0.00127654636184287,0.184474682941948,1,0,0.149131543163729,75.91
"48499",0.000991533826557852,0.143287305301169,1,0,0.132443190613413,70
"48501",0.000258331180573495,0.0373316348350383,1,0,0.0587168762856901,14.73
"48503",0.00012388503468781,0.0179027203228981,1,0,0.0936966206545668,47.31
"48505",0.000279955207166853,0.0404565393187103,1,0,0.0748708509632184,30.51
"48507",0,0,0,0,0.0564074988276511,12.66
"49001",0,0,0,0,0.0616622446321953,17.47
"49003",0.00030288115700602,0.0437695857180731,1,0,0.111622924522616,59.47
"49005",0.00132015095639197,0.190776015971988,1,0,0.213498527214167,89.88
"49007",0.000533162721262529,0.0770477492250124,1,0,0.0896698399774247,44.23
"49009",0,0,0,0,0.0615171466359396,17.31
"49011",0.0030644953695475,0.442852550108892,1,0,0.261821102590556,94.81
"49013",0.000204164965291956,0.0295040339825303,1,0,0.0912367662630298,44.99
"49015",0.000244259892525647,0.0352981823269256,1,0,0.0557468054577784,12.19
"49017",0.000353606789250354,0.0510999853063767,1,0,0.058328551781032,14.38
"49019",0.000133850890108419,0.0193428936482978,1,0,0.108543716671236,57.68
"49021",0.000650336006936917,0.0939805496074788,1,0,0.174515069046372,82.6
"49023",0.000385356454720617,0.0556881535439049,1,0,0.0880202684508514,42.95
"49025",0.000448028673835125,0.0647449634616636,1,0,0.0846925288462698,39.52
"49027",0.000322632682690757,0.0466238936752487,1,0,0.070554083405212,25.45
"49029",0.00313807531380753,0.453485643660355,1,0,0.131623469021903,69.74
"49031",0,0,0,0,0.0384907472817256,2.64
"49033",0,0,0,0,0.07828232686373,33.79
"49035",0.00665034048286661,0.961045747106073,1,0,0.441908623815006,99.9
"49037",0.000195579894386857,0.028263398874718,1,0,0.0663586743011833,21.6
"49039",0.00056232427366448,0.0812619072800937,1,0,0.115314747731865,61.66
"49041",0,0,0,0,0.116306240036281,62.3
"49043",0.00402220711534104,0.581252200866574,1,0,0.196445854128755,86.86
"49045",0.000566374765825818,0.08184724697441,1,0,0.15291492769924,77.09
"49047",0.000122624156958921,0.0177205099259881,1,0,0.129701379271006,68.85
"49049",0.0046017822131995,0.665007037834766,1,0,0.348275167722229,98.7
"49051",0.00158057331704864,0.228409848826894,1,0,0.222886387582314,90.77
"49053",0.00104304653030572,0.1507314451894,1,0,0.261257027750988,94.72
"49055",0,0,0,0,0.0632903402940478,18.71
"49057",0.00375851181192224,0.543145392570761,1,0,0.218934982043919,90.33
"50001",0.00329912023460411,0.476758367308614,1,0,0.163976151615365,80.4
"50003",0.00186306474149977,0.269232898828939,1,0,0.174112799177155,82.56
"50005",0.0010138033221555,0.146505487000205,1,0,0.166888099641707,81.07
"50007",0.00788390248902404,1.13930872820659,1,1,0.300398355131521,96.98
"50009",0,0,0,0,0.0843282233155256,39.1
"50011",0.00217112405013323,0.313750783166045,1,0,0.123283701895725,65.99
"50013",0.00266951414842499,0.385773514272379,1,0,0.14520915573604,74.55
"50015",0.00247626908790755,0.357847524010978,1,0,0.162650286080589,79.92
"50017",0.00293894577171028,0.42470928250279,1,0,0.141711990972345,73.37
"50019",0.00132409066126645,0.191345345711455,1,0,0.13048495159449,69.14
"50021",0.00363246384833599,0.524930105752283,1,0,0.18831972734017,85.24
"50023",0.00461044343141318,0.666258677047895,1,0,0.185772701606485,84.7
"50025",0.00153444200223946,0.221743377535687,1,0,0.192602214977795,86.06
"50027",0.00163898601398601,0.236851111964215,1,0,0.203650765020086,88.16
"51001",0.00899858593649569,1.3003924786284,1,1,0.112324729789487,59.94
"51003",0.00557080682959491,0.805041520103331,1,0,0.176137965827272,83.01
"51005",0.00103252452245741,0.149210901854861,1,0,0.0997017331794824,51.61
"51007",0.00249221183800623,0.36015142291946,1,0,0.103317496001918,54.25
"51009",0.00311493018259936,0.45014092319512,1,0,0.101503942508241,52.97
"51011",0.00135961930659415,0.196479617194335,1,0,0.0895662141730401,44.07
"51013",0.0625585696365088,9.0403863454959,1,1,0.192256168169702,85.94
"51015",0.000659967001649918,0.095372331958048,1,0,0.13325387400293,70.41
"51017",0.016439454691259,2.37567806587962,1,1,0.0883353649044403,43.24
"51019",0.00230696159587461,0.333380769926634,1,0,0.192170313341332,85.87
"51021",0.00365797896662094,0.528617314847492,1,0,0.0571597534009997,13.36
"51023",0.000985221674876847,0.142375131474318,1,0,0.13083756938494,69.39
"51025",0.000518403317781234,0.0749148566337135,1,0,0.0722684677341565,27.46
"51027",0.000615289955391478,0.0889160181180946,1,0,0.0671469681048455,22.4
"51029",0.00184016824395373,0.265924108602795,1,0,0.0731518916379332,28.38
"51031",0.00210506171658215,0.304204065239837,1,0,0.135942470655222,71.27
"51033",0.00178094390026714,0.257365553778154,1,0,0.0965981870003323,49.57
"51035",0.0035377358490566,0.511240890730306,1,0,0.113029339853869,60.48
"51036",0,0,0,0,0.0808268781578486,36.21
"51037",0.000618238021638331,0.0893420454073776,1,0,0.0878019388291289,42.79
"51041",0.00437771680488331,0.632627175737384,1,0,0.240143478680706,92.46
"51043",0.00477872428838562,0.690577071320998,1,0,0.123425646366028,66.18
"51045",0.0125725338491296,1.81686640213117,1,1,0.105844116830074,55.84
"51047",0.00259822896229917,0.375472037959342,1,0,0.138649384997169,72.26
"51049",0.000552486187845304,0.0798401980367035,1,0,0.0849037833774984,39.8
"51051",0.000269832703723691,0.0389937286687623,1,0,0.0532001922110434,10.31
"51053",0.000880049282759835,0.127176589321863,1,0,0.0700669799734292,25.01
"51057",0.00197044334975369,0.284750262948637,1,0,0.097296291478896,49.95
"51059",0.060948618350431,8.80773106408299,1,1,0.247304419266637,93.41
"51061",0.0208637447929647,3.01503558406415,1,1,0.219705656156877,90.52
"51063",0.00325520833333333,0.47041262515115,1,0,0.104351751740468,54.98
"51065",0.00149006622516556,0.215330600334089,1,0,0.109265767145724,58.03
"51067",0.00115390955547008,0.166752345039568,1,0,0.142930588285039,73.78
"51069",0.0030681215252947,0.443376568626165,1,0,0.148639759823303,75.79
"51071",0.0020246067590718,0.29257745830924,1,0,0.0703248627470468,25.2
"51073",0.00163863734368262,0.236800725354224,1,0,0.157425303866547,78.4
"51075",0.00247439006284951,0.3575759846747,1,0,0.0823929540313847,37.35
"51077",0.00220048899755501,0.317994333989706,1,0,0.0675247839344814,22.81
"51079",0.00202511138112596,0.292650381625017,1,0,0.113713996389882,60.9
"51081",0.00342382000489117,0.494778825690894,1,0,0.0519657578962482,9.29
"51083",7.5052536775743e-05,0.0108458990127914,1,0,0.107814011826669,57.02
"51085",0.0085239467713252,1.23180201288123,1,1,0.227201709664479,91.09
"51087",0.0109745856780209,1.58594569996617,1,1,0.326243544619394,98.19
"51089",0.000728454555642721,0.105269520329689,1,0,0.121907902106621,65.45
"51091",0.00439077936333699,0.634514855966776,1,0,0.0731915457151776,28.44
"51093",0.00102643058763151,0.148330262711248,1,0,0.113397058189576,60.77
"51095",0.00521496573888788,0.753618654198851,1,0,0.174951418189773,82.66
"51097",0.00138504155124654,0.200153405050462,1,0,0.0993242436420696,51.29
"51099",0.0383676092544987,5.544532313144,1,1,0.0769562469806518,32.42
"51101",0.0016363264471262,0.236466775940165,1,0,0.093249914873258,46.96
"51103",0.00128393250183419,0.185542059634085,1,0,0.123523808466564,66.24
"51105",0.00125026047093144,0.180676088909898,1,0,0.0700419565731739,24.94
"51107",0.040691523321355,5.88036289750973,1,1,0.278429130189673,95.9
"51109",0.00272874562974333,0.394333100561598,1,0,0.107160618915756,56.7
"51111",0.00176928520877565,0.255680747428226,1,0,0.083221841820975,38.15
"51113",0.00150867488056324,0.218019751239276,1,0,0.113075771922896,60.52
"51115",0.000985221674876847,0.142375131474318,1,0,0.0738459543590665,29.37
"51117",0.00301624129930394,0.435879317819868,1,0,0.112259443237024,59.91
"51119",0.00155642023346304,0.224919468399118,1,0,0.0950406619746146,48.33
"51121",0.0139377814162914,2.01415936352888,1,1,0.148771422991268,75.82
"51125",0.000826275562900227,0.119405708280465,1,0,0.095199404280398,48.52
"51127",0.0052457205963556,0.758063061977425,1,0,0.104879971225625,55.3
"51131",0.000347886588971995,0.0502733548256856,1,0,0.0686988551064227,23.89
"51133",0.00066423115244105,0.0959885476230045,1,0,0.099033405788861,51.16
"51135",0.00380983932416763,0.550562770294511,1,0,0.0570969621764311,13.3
"51137",0.000948930296756384,0.137130636897064,1,0,0.111208773335638,59.15
"51139",0.01411071483951,2.03915010367893,1,1,0.110204074646206,58.51
"51141",0.000634249471458774,0.0916558721647568,1,0,0.0839953195259347,38.75
"51143",0.00297934322033898,0.430547148443425,1,0,0.117177926120728,62.74
"51145",0.00876277905278531,1.26631584701652,1,1,0.148788644747524,75.85
"51147",0.000516795865633075,0.0746825625046167,1,0,0.0914888654928852,45.18
"51149",0.0019580541293186,0.282959887307001,1,0,0.0594911830742161,15.53
"51153",0.0146095893191665,2.11124283310366,1,1,0.255202392198879,94.21
"51155",0.000494529269951165,0.0714647998746038,1,0,0.0786302229916606,34.01
"51157",0.00248138957816377,0.358587489941522,1,0,0.101214407037158,52.62
"51159",0.0012586532410321,0.18188893448261,1,0,0.08447347859627,39.26
"51161",0.0027621632099244,0.39916230041901,1,0,0.192835318657026,86.19
"51163",0.00071459196798628,0.103266227273427,1,0,0.108778127907099,57.72
"51165",0.000815473611783594,0.117844710131899,1,0,0.13137299043626,69.55
"51167",0.0388896920630331,5.61997889577715,1,1,0.0879960592040016,42.92
"51169",0.000363240101707228,0.0524921025958711,1,0,0.0692378143906525,24.53
"51171",0.0034541188738269,0.499157338220866,1,0,0.10692262358354,56.51
"51173",0.00246207608609324,0.35579648255416,1,0,0.0634520216216284,19.03
"51175",0.000917641660931406,0.132609092403242,1,0,0.076851522880804,32.39
"51177",0.00591715976331361,0.855093245245167,1,0,0.233977820718808,91.85
"51179",0.0164969294732426,2.3839837902156,1,1,0.207711021728602,88.8
"51181",0.000394788787998421,0.0570512271797999,1,0,0.061563234702261,17.37
"51183",0.00136686714051394,0.197527007171177,1,0,0.0812837549530963,36.62
"51185",0.000198530871550526,0.0286898468227979,1,0,0.10036570754784,52.21
"51187",0.00253519247448129,0.366362587294981,1,0,0.137069067806177,71.81
"51191",0.00177435409183364,0.256413255563412,1,0,0.125659546207032,67.23
"51193",0.00120977498185338,0.174825500177151,1,0,0.0921056117346239,45.75
"51195",0.000586903663955731,0.0848138936132332,1,0,0.0708196345023963,25.84
"51197",0.000552573413324913,0.0798528030569176,1,0,0.0995406078352706,51.51
"51199",0.0034231284417324,0.494678887374306,1,0,0.146680515338904,75.15
"51510",0.0139617588303734,2.01762435782345,1,1,0.253123506952146,93.92
"51520",0.000179694519317161,0.0259677912751902,1,0,0.104819413652033,55.17
"51530",0.000583771161704612,0.0843612133370889,1,0,0.0633209368899321,18.8
"51540",0.0082018927444795,1.18526174120103,1,1,0.205640089130216,88.51
"51550",0.0119903038697948,1.73272790622725,1,1,0.262474578885524,94.88
"51570",0.000678754969456026,0.098087395435376,1,0,0.121182581645261,65.1
"51580",0.00264232524621667,0.38184442539293,1,0,0.0733439232178334,28.73
"51590",0.000966758384769837,0.139706987417538,1,0,0.130627888979235,69.17
"51595",0,0,0,0,0.072961327865439,28.29
"51600",0.0278059433741518,4.01825796631725,1,1,0.180214350507436,83.68
"51610",0.0111709817321593,1.61432704270559,1,1,0.147175672503636,75.31
"51620",0.00753768844221105,1.08927707371683,1,1,0.094381562806259,47.85
"51630",0.00950338350035129,1.37334115744308,1,1,0.175259065725264,82.85
"51640",0.00159362549800797,0.230296029396706,1,0,0.091470811483409,45.15
"51650",0.00674716475523583,0.975037896142173,1,0,0.158180772348755,78.65
"51660",0.000868633639285404,0.125526906025219,1,0,0.159464254156312,79.06
"51670",0.00337837837837838,0.488212021778491,1,0,0.0895362845522564,44.03
"51678",0.000442543147956926,0.0639522459565275,1,0,0.0715848215492968,26.54
"51680",0.0024374989977389,0.352244828875669,1,0,0.151664919850388,76.74
"51683",0.062889008814535,9.08813836173288,1,1,0.160338439198335,79.29
"51685",0.00439753737906772,0.635491461945617,1,0,0.100299588742373,52.15
"51690",0.000602470127522844,0.0870634150696455,1,0,0.0882851925370648,43.21
"51700",0.00395944567760514,0.57218249789817,1,0,0.107523102394329,56.92
"51710",0.0125857310384857,1.81877353797438,1,1,0.188814874129093,85.36
"51720",0,0,0,0,0.0809764536844399,36.33
"51730",0.000228641109671519,0.0330411001706653,1,0,0.114489341271077,61.28
"51735",0.0036084799278304,0.521464171209502,1,0,0.0830271091914306,37.99
"51740",0.00283270069684437,0.40935572615272,1,0,0.0913694050185667,45.05
"51750",0.000716127184187912,0.103488082531104,1,0,0.075001570533813,30.64
"51760",0.00417338103952148,0.603098459307213,1,0,0.220364351667114,90.65
"51770",0.00158640226628895,0.229252194702557,1,0,0.185785665146613,84.73
"51775",0.00247457932151534,0.357603334588042,1,0,0.135362541057566,71.01
"51790",0.00187543955614597,0.271021192679097,1,0,0.11836326710872,63.67
"51800",0.00549882168106834,0.794638891692877,1,0,0.140136894461238,72.76
"51810",0.00815827703092213,1.17895880135467,1,1,0.254894818878596,94.18
"51820",0.00106413853148883,0.153779466277524,1,0,0.130704643668053,69.27
"51830",0.00125064371367616,0.180731471609605,1,0,0.0866955053402204,41.27
"51840",0.00492447907096395,0.711640205498587,1,0,0.105363146963709,55.62
"53001",0.000290191526407429,0.0419357975758657,1,0,0.0539291893774448,10.79
"53003",0.00129634430904848,0.187335699308314,1,0,0.122572470523304,65.64
"53005",0.00254471626872939,0.367738878025061,1,0,0.153147258796986,77.16
"53007",0.00207185098764935,0.2994047576132,1,0,0.143554454626494,74.07
"53009",0.00306055020345703,0.442282431164961,1,0,0.159836616086976,79.16
"53011",0.00873222454018259,1.26190039122634,1,1,0.30185570170319,97.1
"53013",0.00410557184750733,0.593299301539609,1,0,0.0593942448938489,15.37
"53015",0.00377572622711102,0.545633060765904,1,0,0.155787371557367,77.98
"53017",0.00294550810014728,0.425657609562395,1,0,0.117213294142999,62.81
"53019",0.0014903129657228,0.215366256999155,1,0,0.0782260681213137,33.73
"53021",0.00110444177671068,0.159603718812387,1,0,0.135478596125963,71.08
"53023",0,0,0,0,0.0501186196258349,8.21
"53025",0.000755794423916695,0.109220425429787,1,0,0.108329136634294,57.52
"53027",0.0024682124158564,0.356683248222311,1,0,0.120328974692731,64.65
"53029",0.00620974401321222,0.897374817107496,1,0,0.175078586097112,82.76
"53031",0.0102122369238966,1.47577810330697,1,1,0.191947160177055,85.81
"53033",0.020371134278357,2.9438480649795,1,1,0.371829374743274,99.24
"53035",0.00969754201814203,1.40139915210786,1,1,0.196693555905183,86.96
"53037",0.00201124232891548,0.290646154371146,1,0,0.126621046394901,67.74
"53039",0.00365178466250442,0.527722171261566,1,0,0.121312591579824,65.22
"53041",0.00333960184164451,0.482608395045154,1,0,0.15719793329532,78.3
"53043",0.00375704445835942,0.542933344194489,1,0,0.0661812828935923,21.41
"53045",0.00645649139134481,0.933032467866106,1,0,0.117881552516012,63.35
"53047",0.00105290866017373,0.152156629056524,1,0,0.0953238195084546,48.62
"53049",0.00170402411849522,0.246249817774758,1,0,0.113560062012707,60.8
"53051",0.00650364203954214,0.939846243798343,1,0,0.0837493770291645,38.53
"53053",0.00382051382012397,0.552105349801195,1,0,0.242536212801991,92.87
"53055",0.00998230983067981,1.44255116467883,1,1,0.216853022625597,90.17
"53057",0.00284513845237701,0.411153115638114,1,0,0.200618698846271,87.85
"53059",0.0116533139111435,1.68402923171372,1,1,0.115384515050507,61.72
"53061",0.00914305353100817,1.32126960028233,1,1,0.283221765808427,96.12
"53063",0.00570558739255014,0.824518761479829,1,0,0.293169658521005,96.6
"53065",0.00273203869157498,0.394808983424502,1,0,0.12714105155206,67.9
"53067",0.0110772092761058,1.60077591395991,1,1,0.214663702259028,90.01
"53069",0.0040983606557377,0.592257206747677,1,0,0.0859138404341895,40.69
"53071",0.00231784143587305,0.334953023856585,1,0,0.110363597670058,58.64
"53073",0.00636515912897822,0.919833973360882,1,0,0.265893487230771,95.07
"53075",0.00334902244750181,0.483969773942617,1,0,0.0925941502631347,46.29
"53077",0.000952670992730027,0.137671207709333,1,0,0.121747052219833,65.35
"54001",0.00045024763619991,0.0650656273959627,1,0,0.0556952983792051,12.09
"54003",0.0121213494347146,1.75166540020486,1,1,0.185106438772754,84.44
"54005",0.000575926281435976,0.0832275437395469,1,0,0.0718887518824671,26.95
"54007",0.00146056475170399,0.21106732002887,1,0,0.0707370648477479,25.71
"54009",0.000907088246728003,0.131084010512509,1,0,0.0880921738659206,43.05
"54011",0.0016911136428368,0.244384115145456,1,0,0.173250106778425,82.37
"54013",0,0,0,0,0.0481936745614129,7
"54015",0.000535331905781585,0.0773612197250713,1,0,0.0467837748559862,6.36
"54017",0.00115074798619102,0.166295464265171,1,0,0.0406671551128088,3.28
"54019",0.00198378471623253,0.286678233937206,1,0,0.115650541892464,61.98
"54021",0.000966183574879227,0.139623921204283,1,0,0.048979434816227,7.48
"54023",0,0,0,0,0.0827005464827683,37.7
"54025",0.0051413881748072,0.742985904608911,1,0,0.11817917776254,63.54
"54027",0.00225691179236412,0.326148034861237,1,0,0.114191375182124,61.09
"54029",0.00139178844815588,0.201128404239991,1,0,0.119524967481586,64.33
"54031",0.00113976349907394,0.164708087700736,1,0,0.0756488867038475,31.12
"54033",0.00578063487317486,0.835363929824401,1,0,0.140347825999458,72.96
"54035",0.000687127805771874,0.0992973603617269,1,0,0.0976498053981376,50.14
"54037",0.0131895594224361,1.90603323571055,1,1,0.1681187275805,81.42
"54039",0.00339127956682816,0.490076382306228,1,0,0.196562862614912,86.89
"54041",0.000962000962000962,0.139019488644957,1,0,0.0850973045914337,40.03
"54043",0,0,0,0,0.0721629152450348,27.33
"54045",0.00061761072878066,0.0892513948407476,1,0,0.0841009237361518,38.88
"54047",0.00117481203007519,0.169772977498159,1,0,0.0520715267462491,9.35
"54049",0.00983840546464801,1.42175543559982,1,1,0.153603742930541,77.28
"54051",0.00175515577007459,0.253638891525113,1,0,0.0753385623619795,30.83
"54053",0.0030990280321172,0.447842891368014,1,0,0.067468616631931,22.75
"54055",0.000638394892840857,0.0922549301527618,1,0,0.128351880434261,68.47
"54057",0.00121605188488042,0.175732580194284,1,0,0.0874647612323065,42.48
"54059",0.0010891268832819,0.157390551947468,1,0,0.0671748142010037,22.46
"54061",0.00962310758179641,1.39064257525702,1,1,0.144055690476723,74.29
"54063",0.000382116927779901,0.0552200070486944,1,0,0.0842914717495134,39.07
"54065",0.00131648235913639,0.190245864200149,1,0,0.106188819084355,56.12
"54067",0.00100565681961031,0.145328229738714,1,0,0.0957883399121743,48.93
"54069",0.000547420281921445,0.0791081201294284,1,0,0.158379697977136,78.75
"54071",0,0,0,0,0.0800111628653558,35.48
"54073",0.000368595650571323,0.0532660370241184,1,0,0.0567360218922912,12.98
"54075",0.000883132175448925,0.127622100482573,1,0,0.0633318490782982,18.84
"54077",0.000948204338034847,0.137025728051614,1,0,0.105952846573313,55.9
"54079",0.00395306783296186,0.571260830731516,1,0,0.169769675943313,81.71
"54081",0.000652593349222563,0.0943067598532506,1,0,0.138362233308238,72.19
"54083",0.000865201591970929,0.12503093826478,1,0,0.108031534784814,57.24
"54085",0,0,0,0,0.0646321346558288,20.04
"54087",0.000911300121506683,0.131692671731258,1,0,0.0790104736153041,34.71
"54089",0.00115517905275318,0.166935801054794,1,0,0.0778336229431547,33.41
"54091",0.000990344144590245,0.14311538345772,1,0,0.0742441956508075,29.91
"54093",0.000940438871473354,0.135903534589122,1,0,0.067436221296966,22.72
"54095",0.00046339202965709,0.0669651336637782,1,0,0.0494651914755236,7.73
"54097",0.00106044538706257,0.153245767175433,1,0,0.086529694674453,41.11
"54099",0.000407000407000407,0.0588159375036358,1,0,0.08309236647643,38.05
"54101",0.000570450656018254,0.0824362569574633,1,0,0.0470698970206861,6.52
"54103",0,0,0,0,0.0659389153475703,21.13
"54105",0,0,0,0,0.0485908066334475,7.25
"54107",0.00200823892893924,0.290212130762662,1,0,0.161323429939142,79.48
"54109",0.000209951711106446,0.0303402810091189,1,0,0.067835144137043,23.16
"55001",0.000513962652047285,0.0742731326604934,1,0,0.0809497276745068,36.3
"55003",0.000884075588462814,0.127758433812738,1,0,0.0962330279213806,49.25
"55005",0.000692295162078514,0.100044098940763,1,0,0.124396162860926,66.88
"55007",0.000573284922606535,0.0828458389717752,1,0,0.108036247795299,57.27
"55009",0.00619552661976268,0.895320250796972,1,0,0.236899507330642,92.08
"55011",0.000447727781508843,0.0647014812833818,1,0,0.07734013839242,32.87
"55013",0.00237610319076714,0.34337247424475,1,0,0.0772521427811434,32.74
"55015",0.000803384928498741,0.116097765341787,1,0,0.101425662350154,52.78
"55017",0.00743741284281825,1.07478617079491,1,1,0.179788937140684,83.58
"55019",0.00072976720426184,0.105459212177212,1,0,0.0979192233499328,50.3
"55021",0.000405761817812944,0.058636948040752,1,0,0.139182853401513,72.45
"55023",0.000394996708360764,0.0570812739090586,1,0,0.0751782354490268,30.7
"55025",0.00771502167493874,1.11490363367607,1,1,0.296832033197433,96.79
"55027",0.000300142567719667,0.043373830103229,1,0,0.118922939686872,64.08
"55029",0.00128794848206072,0.186122411982527,1,0,0.15649490954617,78.21
"55031",0.000549450549450549,0.0794015156299084,1,0,0.135220286347498,70.98
"55033",0.00136972898933568,0.197940575114966,1,0,0.107989665009162,57.14
"55035",0.00555495381187429,0.80275058848886,1,0,0.199898431827937,87.69
"55037",0,0,0,0,0.0718182001512068,26.82
"55039",0.000495137747321305,0.0715527314008602,1,0,0.176367008315839,83.11
"55041",0.000529941706412295,0.0765822779260378,1,0,0.0706789379084348,25.64
"55043",0.000829268292682927,0.119838189931189,1,0,0.116084030699414,62.17
"55045",0.000631023405231758,0.0911896708874923,1,0,0.105075954563317,55.39
"55047",0.000420285794340151,0.0607358189043569,1,0,0.0967565288654894,49.6
"55049",0.000164649707746769,0.0237936541444691,1,0,0.0890401212321784,43.75
"55051",0.000503778337531486,0.0728013896455583,1,0,0.0787137234409016,34.2
"55053",0.00032209576980889,0.0465463039874704,1,0,0.0537680170500523,10.59
"55055",0.00393690656923037,0.568925354252227,1,0,0.159386055188045,78.94
"55057",0.000190621425848265,0.0275468468254734,1,0,0.0871232613292943,42.09
"55059",0.00126236319292096,0.182425062443869,1,0,0.186947276505053,84.86
"55061",0.000450551926109484,0.0651096005615829,1,0,0.0692137273602424,24.5
"55063",0.00227978459966196,0.329453401591648,1,0,0.190186318656778,85.59
"55065",0.000316155548529877,0.0456878781051006,1,0,0.0758728420560218,31.5
"55067",0.000228545309107531,0.0330272559585038,1,0,0.0936635894592431,47.28
"55069",0.000352360817477097,0.0509199289804205,1,0,0.102527035481718,53.83
"55071",0.000425237867432095,0.0614514467427559,1,0,0.150563419789243,76.55
"55073",0.00177606177606178,0.256660034306407,1,0,0.193124870679105,86.22
"55075",0.00183842304156879,0.265671908082504,1,0,0.0979575791336456,50.33
"55077",0.000396589331746976,0.0573114251225196,1,0,0.0695370360779093,24.82
"55078",0,0,0,0,0.0682708543341569,23.48
"55079",0.00258830841209885,0.374038411725688,1,0,0.307094332243229,97.52
"55081",0.000534056363486977,0.0771768901406471,1,0,0.0946945622662184,48.04
"55083",0.00320307495195388,0.462878790667627,1,0,0.0930855091073966,46.71
"55085",0.000588046616059019,0.0849790624885473,1,0,0.149565974490308,76.14
"55087",0.00285981828765217,0.413274509767594,1,0,0.253976957969536,94.02
"55089",0.00260975712421602,0.37713798138144,1,0,0.224687611198803,90.87
"55091",0.000344589937973811,0.0497969532896048,1,0,0.071566685035698,26.5
"55093",0.000545383716400467,0.078813814501366,1,0,0.14351527101404,74.04
"55095",0.00296495956873315,0.428468556040638,1,0,0.134141496003393,70.57
"55097",0.00181755920238127,0.262656858857411,1,0,0.165225883958975,80.69
"55099",0.000177399325882562,0.025636111131175,1,0,0.0687466861339857,24.02
"55101",0.00187537091988131,0.271011274000433,1,0,0.211794138225958,89.44
"55103",0.000284495021337127,0.0411125913076624,1,0,0.0730026054917735,28.32
"55105",0.0017930294344759,0.259112043492891,1,0,0.197686846656776,87.08
"55107",0.000181818181818182,0.026274683353897,1,0,0.076072017699845,31.75
"55109",0.00276117073639223,0.399018877316138,1,0,0.2106435809864,89.28
"55111",0.000423538791170462,0.061205911943529,1,0,0.149297420490618,75.95
"55113",0.00105226236408278,0.152063232318239,1,0,0.106305617411835,56.19
"55115",0.00165929203539823,0.239785550519524,1,0,0.112845552898362,60.39
"55117",0.00185776139751599,0.268466508567542,1,0,0.142706327113987,73.66
"55119",0.000553832521045636,0.080034757668605,1,0,0.0784609352190934,33.88
"55121",0.000623398212925123,0.0900877485639606,1,0,0.0899929381590848,44.38
"55123",0.000760673195778264,0.109925460451789,1,0,0.114323333131997,61.18
"55125",0.00112855237508977,0.163087959670746,1,0,0.129195373814736,68.69
"55127",0.00322200392927308,0.465614231536641,1,0,0.197869621380278,87.24
"55129",0.000454063871651279,0.0656171144754502,1,0,0.10204147476442,53.39
"55131",0.00305533378370079,0.441528602389612,1,0,0.197810971806712,87.11
"55133",0.00844363474122546,1.22019606049914,1,1,0.379004468290419,99.36
"55135",0.000284373666998436,0.0410950543001374,1,0,0.109576843886612,58.19
"55137",0.000261780104712042,0.0378300414781239,1,0,0.0884011376260265,43.3
"55139",0.000571755288736421,0.0826247904210596,1,0,0.175739146216619,82.95
"55141",0.00102185778730404,0.147669443867701,1,0,0.124776351414839,67.04
"56001",0.00403865570460118,0.583629198975931,1,0,0.11244251682751,60.04
"56003",0.00119712689545092,0.172997715618236,1,0,0.0820120597796407,37.13
"56005",0.000663398813253234,0.0958682656556886,1,0,0.109160848264897,57.94
"56007",0.000401713979646492,0.0580519918772496,1,0,0.0748824603692935,30.54
"56009",0.0005407597674733,0.0781456041348835,1,0,0.0868257527705921,41.49
"56011",0.00435458786936236,0.629284795723193,1,0,0.076191200794717,31.94
"56013",0.00182263484649997,0.263390344038609,1,0,0.142716614781217,73.69
"56015",0.00213675213675214,0.308783671894088,1,0,0.0962491712819103,49.32
"56017",0.000891662951404369,0.128854889386031,1,0,0.0821506830534575,37.23
"56019",0.00437105390966489,0.63166431569592,1,0,0.119719703928604,64.43
"56021",0.00809385389288263,1.16964896481509,1,1,0.184627137474481,84.31
"56023",0.00283219258909606,0.409282299116639,1,0,0.120334606167081,64.68
"56025",0.00236507793494909,0.341779206164418,1,0,0.229747267260703,91.31
"56027",0,0,0,0,0.0618563195550441,17.69
"56029",0.0013176808816483,0.190419063597361,1,0,0.159995935674815,79.22
"56031",0.00121036068748487,0.174910140942185,1,0,0.0848335680853802,39.71
"56033",0.0029288240495137,0.423246584751379,1,0,0.210973875085025,89.34
"56035",0.0019409100711667,0.280482386460621,1,0,0.102649741243982,53.96
"56037",0.00129777141322832,0.187541931215724,1,0,0.11120564321145,59.08
"56039",0.00208093344728921,0.300717270744315,1,0,0.194880922139146,86.54
"56041",0.00131680017557336,0.190291792094502,1,0,0.112641569399011,60.36
"56043",0.000708382526564345,0.102368896184014,1,0,0.096923502529622,49.73
"56045",0.000344589937973811,0.0497969532896048,1,0,0.0733341841454016,28.7
