"industry_code","industry_employment_share","location_quotient","industry_present","industry_comparative_advantage","industry_feasibility","industry_feasibility_percentile_score"
"111000",0.0137768225221099,2.71413175055871,1,1,0.436855469545462,96.43
"112000",0.0123744758817519,4.6667837548824,1,1,0.435576277917798,96.43
"113110",0,0,0,0,0.392220058412004,93.88
"113210",7.04696804199993e-06,0.413622581712501,1,0,0.38190352048095,94.22
"113310",0.000211409041259998,0.592180673435483,1,0,0.424367122271909,95.92
"114111",9.16105845459991e-05,1.31689353343116,1,1,0.440750312223522,99.66
"114112",4.93287762939995e-05,0.725427153180605,1,0,0.384250378545975,96.6
"114119",2.81878721679997e-05,2.9601423317738,1,1,0.375871868647967,96.77
"114210",5.63757443359994e-05,1.464849089505,1,1,0.439236435456236,98.3
"115111",0,0,0,0,0.309354382003961,79.93
"115112",0.000359395370141996,1.81298759880755,1,1,0.431614366692495,96.43
"115113",1.40939360839999e-05,0.203202227720805,1,0,0.393370136230217,94.73
"115114",6.34227123779994e-05,0.128631464179718,1,0,0.372034283766584,94.22
"115115",0.00251576759099398,1.28114386628831,1,1,0.44590261701832,97.45
"115116",5.63757443359994e-05,0.425366713187717,1,0,0.379491604287509,95.92
"115210",0.000556710475317994,2.21399521711922,1,1,0.444977001047257,97.28
"115310",0.00100066946196399,6.93547978735012,1,1,0.440408162953795,98.64
"211120",0,0,0,0,0.358737842300708,91.67
"211130",0,0,0,0,0.344840553028526,89.97
"212114",0,0,0,0,0.298639762905724,82.82
"212115",0,0,0,0,0.296624136843316,83.33
"212210",0,0,0,0,0.255343218244272,78.06
"212220",7.04696804199993e-05,0.745559912414959,1,0,0.361485146561346,96.94
"212230",4.22818082519996e-05,0.366084951133246,1,0,0.352455955395703,96.94
"212290",0,0,0,0,0.364883929754808,96.94
"212311",0.000303019625805997,6.7437431265803,1,1,0.364514111906282,93.71
"212312",9.16105845459991e-05,0.662351950558652,1,0,0.3538746591387,85.03
"212313",0,0,0,0,0.291969203962194,86.9
"212319",0.000662414995947993,13.8775570679601,1,1,0.383624196968236,96.6
"212321",0.00169831929812198,8.79295026172726,1,1,0.432433942621495,97.28
"212322",0,0,0,0,0.288593709919899,81.63
"212323",0,0,0,0,0.287085665405947,85.71
"212390",0.00150100419294598,20.6945413964841,1,1,0.368611953361428,96.43
"213111",7.04696804199993e-06,0.0272597152487768,1,0,0.348703931531724,88.95
"213112",0.000288925689721997,0.223653737900228,1,0,0.375254129656066,93.54
"213113",0,0,0,0,0.315764428865076,87.07
"213114",0.000162080264965998,5.68273502751025,1,1,0.425157922016539,99.66
"213115",3.52348402099996e-05,1.82534779745338,1,1,0.358878848469279,94.39
"221111",9.16105845459991e-05,1.92200841014799,1,1,0.378045634091193,96.77
"221112",0,0,0,0,0.36218309743207,89.46
"221113",0,0,0,0,0.247267834793625,80.1
"221114",4.22818082519996e-05,0.439651321569745,1,0,0.329504739411704,93.37
"221115",1.40939360839999e-05,0.210460693453166,1,0,0.367767766130478,93.37
"221116",0,0,0,0,0.307051829598948,92.52
"221117",0,0,0,0,0.308615896012137,90.14
"221118",0,0,0,0,0.273198558960742,84.01
"221121",0,0,0,0,0.327634325346456,87.93
"221122",0.00128254818364399,0.969686082339236,1,0,0.424022417231598,95.58
"221210",0.000281878721679997,0.41512513903392,1,0,0.385727995142446,94.39
"221310",0.000211409041259998,0.660130616009598,1,0,0.416311102902223,95.92
"221320",9.16105845459991e-05,2.0558661019464,1,1,0.369600928724529,93.03
"221330",0,0,0,0,0.273563572107606,85.88
"236115",0.0152496388428878,4.86300394668078,1,1,0.456981620838774,99.15
"236116",0.00259328423945597,8.24514284244643,1,1,0.364192011055523,94.9
"236117",0.00108523307846799,1.9211631251578,1,1,0.415278306138087,97.79
"236118",0.00479898523660195,1.05722041027857,1,1,0.441797584786132,98.98
"236210",0.000147986328881999,0.150207225869498,1,0,0.344150266453385,84.01
"236220",0.00626475458933794,1.32837401147134,1,1,0.405426357622498,97.28
"237110",0.00211409041259998,1.65639397154907,1,1,0.437065387020403,98.13
"237120",9.8657552587999e-05,0.115927518099193,1,0,0.357040675842341,90.14
"237130",0.00176878897854198,1.23841075892418,1,1,0.398137182089091,94.73
"237210",0.000204362073217998,0.833750215612294,1,0,0.387474086934809,95.75
"237310",0.00217046615693598,0.97395611351675,1,0,0.416949419064442,96.26
"237990",0.00216341918889398,2.5227394480059,1,1,0.423711902727656,98.3
"238110",0.00496811246960995,2.88877577181923,1,1,0.427541864291426,97.45
"238120",0.000415771114477996,0.763291261147074,1,0,0.360941497016288,89.29
"238130",0.00173355413833198,2.73722809545657,1,1,0.442184475507812,98.98
"238140",0.00226912370952398,2.17881476064408,1,1,0.41464468792673,97.45
"238150",0.000556710475317994,1.11984798812864,1,1,0.386578534831893,95.92
"238160",0.00128959515168599,0.756073968125492,1,0,0.399506581997581,96.77
"238170",0.000627180155737994,1.79366511400321,1,1,0.422228330463073,96.43
"238190",0.000570804411401994,1.5138012609167,1,1,0.410442006585088,96.6
"238210",0.00785032239878792,1.12834991821017,1,1,0.40595603893807,96.94
"238220",0.0128677636446919,1.57250752377855,1,1,0.406579150968155,96.43
"238290",0.000556710475317994,0.545997166430584,1,0,0.356713822477504,86.39
"238310",0.00341073253232797,1.8995252219087,1,1,0.4116643787393,97.79
"238320",0.00386878545505796,2.02101259240075,1,1,0.441199502212617,98.98
"238330",0.00127550121560199,1.58597905284804,1,1,0.415943850227401,98.3
"238340",0.00107818611042599,2.13581933564366,1,1,0.415815433092616,98.13
"238350",0.00272012966421197,1.76809426200397,1,1,0.436043433579175,98.64
"238390",0.000436912018603996,0.681183255791328,1,0,0.312006720566075,86.39
"238910",0.00674394841619393,2.00743001317464,1,1,0.436076302853098,96.26
"238990",0.00465804587576195,1.39362587120218,1,1,0.432057310736227,98.3
"311111",0,0,0,0,0.298507650535421,78.4
"311119",7.04696804199993e-06,0.0324097474590051,1,0,0.384968685071753,89.46
"311211",0,0,0,0,0.306673651116286,80.78
"311212",0,0,0,0,0.255654645666838,73.13
"311213",0.000162080264965998,23.2547807051695,1,1,0.339584720132503,94.73
"311221",0,0,0,0,0.257902473198322,75.17
"311224",1.40939360839999e-05,0.241394982842627,1,0,0.303237120358636,78.06
"311225",1.40939360839999e-05,0.271362727564862,1,0,0.261786796753467,80.44
"311230",1.40939360839999e-05,0.18531589495944,1,0,0.27629867507081,85.03
"311313",0,0,0,0,0.325886160861825,93.88
"311314",0,0,0,0,0.263827641795198,87.07
"311340",0.000225502977343998,1.44950922440841,1,1,0.305134241947363,87.59
"311351",0,0,0,0,0.29461299812344,89.12
"311352",0,0,0,0,0.327054325344479,88.27
"311411",0,0,0,0,0.284421643729125,83.67
"311412",7.04696804199993e-06,0.0188831017536604,1,0,0.282940508662746,79.08
"311421",2.11409041259998e-05,0.0656461917181757,1,0,0.321643150868617,86.22
"311422",8.45636165039992e-05,1.22559933590236,1,1,0.267175619296203,84.52
"311423",0,0,0,0,0.30258858272301,87.59
"311511",0.000486240794897995,1.4828156824285,1,1,0.331594170192706,86.56
"311512",0,0,0,0,0.245773334897226,79.08
"311513",0,0,0,0,0.308759574033909,84.18
"311514",0,0,0,0,0.265658741781408,78.57
"311520",0,0,0,0,0.294893372346322,85.37
"311611",0.000373489306225996,0.428194975353099,1,0,0.365444457287366,88.44
"311612",0.000401677178393996,0.453036107569191,1,0,0.350008806182766,85.54
"311613",0,0,0,0,0.273222365040899,75.85
"311615",0,0,0,0,0.296924969353766,75.17
"311710",0,0,0,0,0.346388052284354,94.22
"311811",0.000725837708325993,0.984127834767066,1,0,0.370582767313885,94.56
"311812",0.000690602868115993,0.774210693530123,1,0,0.309255628175124,83.84
"311813",0,0,0,0,0.261594902767583,84.35
"311821",2.11409041259998e-05,0.0938160833708827,1,0,0.263861641183716,79.25
"311824",8.45636165039992e-05,0.66185555660367,1,0,0.273838942163873,80.78
"311830",0,0,0,0,0.286631461686343,88.27
"311911",0,0,0,0,0.260504712067376,79.25
"311919",0,0,0,0,0.260323238994476,77.04
"311920",0.000324160529931997,1.9289679847606,1,1,0.352942660117109,93.71
"311930",0,0,0,0,0.23086752561307,80.1
"311941",0,0,0,0,0.271365703084009,81.63
"311942",0,0,0,0,0.281668797058713,81.8
"311991",1.40939360839999e-05,0.0349311609328403,1,0,0.273216209236005,81.29
"311999",0.000126845424755999,0.502015193278777,1,0,0.323063706591003,83.5
"312111",0.000859730101123991,1.81561803428037,1,1,0.330055392590049,87.07
"312112",0,0,0,0,0.348787939181395,90.65
"312113",0.000190268137133998,4.13571007824507,1,1,0.374842137677343,94.05
"312120",0.00248757971882598,3.88189106519742,1,1,0.421871287264732,98.64
"312130",7.04696804199993e-05,0.152915139873298,1,0,0.367214618225853,94.9
"312140",0.000613086219653994,3.8651744562111,1,1,0.394360295714219,97.79
"312230",0,0,0,0,0.251754889937893,81.12
"313110",0,0,0,0,0.262681129311036,80.27
"313210",7.04696804199993e-06,0.061737816247167,1,0,0.267353360690889,76.53
"313220",0,0,0,0,0.242419780256675,75.85
"313230",0,0,0,0,0.257467366764991,75.51
"313240",0,0,0,0,0.236642166314269,79.42
"313310",0.000394630210351996,3.93894691041644,1,1,0.320511466159462,89.12
"313320",0,0,0,0,0.248472548845296,79.42
"314110",0,0,0,0,0.238043038077871,72.79
"314120",0.000119798456713999,1.36817375200892,1,1,0.30631437137228,87.59
"314910",0.000176174201049998,1.24569954945052,1,1,0.366765177408044,92.18
"314994",0,0,0,0,0.26256124446356,80.44
"314999",0.000373489306225996,1.95932382146749,1,1,0.372859690643025,92.86
"315120",0,0,0,0,0.244640022297131,78.74
"315210",4.93287762939995e-05,0.315336027642204,1,0,0.30222715836374,85.71
"315250",3.52348402099996e-05,0.126702738116891,1,0,0.317191337215869,87.24
"315990",0.000119798456713999,1.43010368764392,1,1,0.366451104821981,95.07
"316110",7.04696804199993e-06,0.306961286278393,1,0,0.338342914037644,88.1
"316210",0.000105704520629999,1.42391515457012,1,1,0.315275065551211,89.97
"316990",0.000155033296923998,2.03786001275033,1,1,0.390290705862114,96.6
"321113",0.000366442338183996,0.77968841107871,1,0,0.410856885692749,94.56
"321114",0.000176174201049998,2.65486485928019,1,1,0.361284164334094,92.69
"321211",0,0,0,0,0.283068662320148,79.42
"321212",0,0,0,0,0.298932360211291,87.76
"321215",0.000345301434057997,1.50651952939784,1,1,0.393491558162921,94.56
"321219",0,0,0,0,0.297353954311401,83.67
"321911",0,0,0,0,0.309265072929672,83.67
"321912",4.93287762939995e-05,0.645199090171286,1,0,0.341232273693691,87.59
"321918",4.22818082519996e-05,0.20061387567341,1,0,0.351868319819539,87.07
"321920",0.000147986328881999,0.370538628901909,1,0,0.359374324216766,83.33
"321991",0,0,0,0,0.280667974289152,79.93
"321992",0.000218456009301998,2.00337898354832,1,1,0.393670310793383,95.58
"321999",0.000147986328881999,0.728582253202912,1,0,0.410387187907843,94.73
"322110",0,0,0,0,0.265705883735738,80.44
"322120",0,0,0,0,0.299946705527109,82.31
"322130",0,0,0,0,0.259749369062184,74.49
"322211",7.04696804199993e-06,0.0115885805302165,1,0,0.298749493913867,75.51
"322212",0,0,0,0,0.254591200981402,76.7
"322219",0,0,0,0,0.255319752576696,73.3
"322220",0,0,0,0,0.278026509097368,76.19
"322230",0,0,0,0,0.255415330890019,76.87
"322291",0,0,0,0,0.272194297130638,81.29
"322299",0,0,0,0,0.260509651046234,75
"323111",0.000591945315527994,0.390119699389947,1,0,0.322182423974226,82.99
"323113",0.000500334730981995,1.08565695124056,1,1,0.37809189746259,92.18
"323117",0,0,0,0,0.259487892532246,79.25
"323120",7.04696804199993e-06,0.073807922836225,1,0,0.259730098176908,79.59
"324110",0,0,0,0,0.294784698402766,82.65
"324121",2.11409041259998e-05,0.205806511590908,1,0,0.322931550279502,83.5
"324122",0,0,0,0,0.25283391609209,78.57
"324191",0,0,0,0,0.244605964967369,72.79
"324199",0,0,0,0,0.235476306367566,73.13
"325110",0,0,0,0,0.227947532134662,69.9
"325120",0,0,0,0,0.282999778421705,79.59
"325130",0,0,0,0,0.243295016634714,75.34
"325180",0.00100066946196399,4.17963359237661,1,1,0.308750251080216,82.14
"325193",0,0,0,0,0.300414204306111,77.04
"325194",0,0,0,0,0.259971150175779,77.21
"325199",0,0,0,0,0.293341993355025,78.91
"325211",0,0,0,0,0.284267590817638,74.83
"325212",0,0,0,0,0.245724659408576,77.04
"325220",0,0,0,0,0.251295688794467,75.51
"325311",7.04696804199993e-05,1.36177703989151,1,1,0.337243226507728,88.95
"325312",0,0,0,0,0.262531499908393,80.1
"325314",0,0,0,0,0.342782193125044,87.76
"325315",7.04696804199993e-06,0.996317167628652,1,0,0.305670860143327,91.16
"325320",0,0,0,0,0.283803276530921,80.44
"325411",0,0,0,0,0.325767698857137,90.65
"325412",2.11409041259998e-05,0.0158644586535677,1,0,0.270849258532306,83.33
"325413",0,0,0,0,0.254804028919498,84.18
"325414",0.00178992988266798,6.68427418419221,1,1,0.2982124525096,90.48
"325510",0,0,0,0,0.271242848204058,74.32
"325520",0,0,0,0,0.243615184520941,76.53
"325611",0,0,0,0,0.2590875688626,76.87
"325612",0,0,0,0,0.260275281257376,75.85
"325613",0,0,0,0,0.22773833597928,74.32
"325620",0,0,0,0,0.285458012097205,84.18
"325910",0,0,0,0,0.23547767192786,76.7
"325920",0,0,0,0,0.251521261403783,77.04
"325991",0,0,0,0,0.245644079433955,71.09
"325992",0,0,0,0,0.262393618522652,82.82
"325998",0.000204362073217998,0.818916234809041,1,0,0.323158487486947,83.33
"326111",0,0,0,0,0.263229240509184,75.68
"326112",0,0,0,0,0.246259423601328,72.62
"326113",0,0,0,0,0.278325015113433,78.4
"326121",0,0,0,0,0.269119896014642,78.57
"326122",0,0,0,0,0.321376770785012,81.8
"326130",0.000112751488671999,0.96743343421657,1,0,0.280614726954189,80.1
"326140",0.000394630210351996,2.34326956163305,1,1,0.279894760796003,78.57
"326150",0.000119798456713999,0.559137996001718,1,0,0.281130278147787,76.53
"326160",0,0,0,0,0.269636888101867,73.98
"326191",0,0,0,0,0.267415417539277,79.93
"326199",0.000584898347485994,0.339999475198986,1,0,0.33895796465999,82.31
"326211",0,0,0,0,0.236464307956377,69.22
"326212",7.04696804199993e-06,0.188442869717154,1,0,0.287950575283662,81.8
"326220",0,0,0,0,0.261258997578252,72.79
"326291",0,0,0,0,0.259246648572087,73.64
"326299",0,0,0,0,0.297143984176264,80.95
"327110",0.000155033296923998,1.6092711378525,1,1,0.383436817681444,95.92
"327120",0,0,0,0,0.290351417103774,77.21
"327211",0,0,0,0,0.239287732877799,77.21
"327212",7.04696804199993e-06,0.100718132957787,1,0,0.305427121668762,87.07
"327213",0,0,0,0,0.246833558510538,79.25
"327215",0.000260737817553997,0.962334550821196,1,0,0.29732990379761,82.48
"327310",0.00135301786406399,15.3527397640914,1,1,0.314387086663458,88.27
"327320",0.000507381699023995,0.820362770930384,1,0,0.420998460458789,95.92
"327331",0,0,0,0,0.346947004005016,88.78
"327332",0.000147986328881999,2.56795146540003,1,1,0.295753618883863,85.54
"327390",0.000345301434057997,1.04294293292363,1,1,0.371569979358909,92.01
"327410",0,0,0,0,0.272758297091156,81.97
"327420",0,0,0,0,0.280827623484453,84.18
"327910",0,0,0,0,0.28127126795202,82.14
"327991",0.000845636165039992,4.00660691224786,1,1,0.39031319175869,95.07
"327992",0,0,0,0,0.273619041628252,80.78
"327993",0,0,0,0,0.287769317816836,79.76
"327999",0,0,0,0,0.29482501979252,83.84
"331110",0,0,0,0,0.271801000598566,72.11
"331210",0,0,0,0,0.273608142591656,73.3
"331221",1.40939360839999e-05,0.111922291152162,1,0,0.257849638075738,72.79
"331222",7.04696804199993e-06,0.118041613114839,1,0,0.238061046989706,71.26
"331313",0,0,0,0,0.267270171581375,81.46
"331314",0,0,0,0,0.222566011534023,70.58
"331315",0,0,0,0,0.246941649274996,74.15
"331318",0,0,0,0,0.269291790538271,77.89
"331410",0,0,0,0,0.25939634384421,81.63
"331420",0,0,0,0,0.252099199325626,72.79
"331491",0,0,0,0,0.252823994445977,77.55
"331492",0,0,0,0,0.248945621819208,76.7
"331511",7.04696804199993e-06,0.0369639245256703,1,0,0.274887042442441,73.98
"331512",0,0,0,0,0.247204532672297,81.46
"331513",7.04696804199993e-06,0.110871757011383,1,0,0.25556100158755,76.53
"331523",7.04696804199993e-06,0.0589189001288311,1,0,0.26323223004028,74.83
"331524",0,0,0,0,0.250914619043437,73.47
"331529",3.52348402099996e-05,0.462940559121996,1,0,0.273413313271253,81.46
"332111",0,0,0,0,0.254796178876832,72.11
"332112",0,0,0,0,0.228565323734218,78.4
"332114",0,0,0,0,0.260420221730881,80.61
"332117",0,0,0,0,0.242530649941293,79.25
"332119",1.40939360839999e-05,0.0513162232209419,1,0,0.280261234703923,74.83
"332215",5.63757443359994e-05,1.01024594382083,1,1,0.30440796760075,87.76
"332216",7.04696804199993e-06,0.0476608755649322,1,0,0.303251292169546,81.8
"332311",2.81878721679997e-05,0.12837904354542,1,0,0.347537319722066,84.86
"332312",0.000866777069165991,1.49947370049711,1,1,0.372115150546378,87.93
"332313",8.45636165039992e-05,0.299313898443352,1,0,0.350384396646682,85.37
"332321",1.40939360839999e-05,0.0359219564795055,1,0,0.300815351210618,79.59
"332322",0.000133892392797999,0.199426877246357,1,0,0.327158723831609,82.14
"332323",0.000281878721679997,1.06544585228632,1,1,0.37862045296366,94.05
"332410",0,0,0,0,0.262549574745246,76.02
"332420",0,0,0,0,0.334519015353634,83.16
"332431",0,0,0,0,0.2516598275308,74.49
"332439",0,0,0,0,0.264206606225683,75.34
"332510",9.16105845459991e-05,0.6949204943179,1,0,0.271783094290572,75.85
"332613",0,0,0,0,0.242029409245988,73.64
"332618",4.93287762939995e-05,0.353295541240875,1,0,0.305164464132162,80.61
"332710",0.00114865579084599,0.746563669431271,1,0,0.36589251843538,85.88
"332721",2.11409041259998e-05,0.0932652714933161,1,0,0.297785641632374,81.46
"332722",0,0,0,0,0.245773217430342,73.64
"332811",0,0,0,0,0.239005078058787,70.92
"332812",5.63757443359994e-05,0.163846427060053,1,0,0.305691408772776,78.74
"332813",4.93287762939995e-05,0.161163736225854,1,0,0.277350249369055,75.68
"332911",0,0,0,0,0.267671708892085,77.72
"332912",0,0,0,0,0.257124729003107,75.68
"332913",0,0,0,0,0.253331509729648,79.93
"332919",0,0,0,0,0.267735263624536,78.57
"332991",0,0,0,0,0.237940685454447,74.83
"332992",1.40939360839999e-05,0.201320725612279,1,0,0.308869674595056,88.44
"332993",0,0,0,0,0.244705794305631,73.98
"332994",8.45636165039992e-05,0.581725615099386,1,0,0.328656178089635,89.29
"332996",0,0,0,0,0.281975305958326,76.19
"332999",0.000310066593847997,0.611657790858771,1,0,0.340146327677817,84.86
"333111",0,0,0,0,0.356342147914931,83.67
"333112",0,0,0,0,0.253709862245182,76.19
"333120",0,0,0,0,0.311319089765808,80.44
"333131",0,0,0,0,0.294813627445291,82.82
"333132",0,0,0,0,0.305915720107276,86.05
"333241",0,0,0,0,0.302659800063867,83.16
"333242",0.000394630210351996,2.35982806635645,1,1,0.341005856371973,95.75
"333243",0,0,0,0,0.297280326253059,80.78
"333248",1.40939360839999e-05,0.0345237632489146,1,0,0.304021343830637,80.95
"333310",0.000338254466015997,0.659435189936525,1,0,0.314498288175528,85.37
"333413",0,0,0,0,0.285837662357808,80.27
"333414",7.04696804199993e-06,0.0786818079604258,1,0,0.295533359563514,83.16
"333415",0,0,0,0,0.292629742704686,78.57
"333511",0,0,0,0,0.285349513311629,76.19
"333514",0,0,0,0,0.28989707456692,75.17
"333515",0,0,0,0,0.292604366722895,80.27
"333517",2.81878721679997e-05,0.115636002041336,1,0,0.294079761594732,79.42
"333519",0,0,0,0,0.25341368301083,75.68
"333611",0,0,0,0,0.271467524404905,83.16
"333612",0,0,0,0,0.252217432856662,77.72
"333613",7.04696804199993e-06,0.0922128109657805,1,0,0.26148380878092,78.4
"333618",0,0,0,0,0.248147387914851,73.13
"333912",0,0,0,0,0.266016291283422,77.21
"333914",0,0,0,0,0.294191388111181,80.44
"333921",0,0,0,0,0.249268430102656,81.97
"333922",0,0,0,0,0.310677544668829,79.59
"333923",0,0,0,0,0.284412481371837,80.61
"333924",0.000112751488671999,0.596230816082571,1,0,0.266645235950122,73.98
"333991",0,0,0,0,0.245323031570652,78.06
"333992",7.04696804199993e-06,0.0769277392251317,1,0,0.289470951372113,80.61
"333993",7.04696804199993e-06,0.0501166395106939,1,0,0.274996062889985,79.93
"333994",7.04696804199993e-06,0.123463222883028,1,0,0.230788109126585,73.47
"333995",0,0,0,0,0.265344072009617,77.04
"333996",7.04696804199993e-06,0.0664606723483082,1,0,0.252235149863238,76.53
"333998",2.11409041259998e-05,0.0757887018129513,1,0,0.303550203085466,80.27
"334111",0,0,0,0,0.252596050765925,87.07
"334112",0,0,0,0,0.245062913583331,87.07
"334118",7.04696804199993e-06,0.0400880781779836,1,0,0.27326045666486,86.56
"334210",7.04696804199993e-06,0.0896620004150155,1,0,0.254542702134979,85.37
"334220",2.11409041259998e-05,0.0722368027570345,1,0,0.27779694848189,86.22
"334290",0,0,0,0,0.258578280182438,83.67
"334310",7.04696804199993e-06,0.0636804244303628,1,0,0.27393877719705,88.1
"334412",0,0,0,0,0.257858439258724,84.18
"334413",4.22818082519996e-05,0.0358634041256539,1,0,0.288937951829501,90.48
"334416",0,0,0,0,0.272177470034796,81.8
"334417",9.16105845459991e-05,0.687649323110561,1,0,0.269920952766353,86.9
"334418",1.40939360839999e-05,0.0407050835065567,1,0,0.285108115970164,83.33
"334419",0.000218456009301998,0.584693101674599,1,0,0.298427350258204,84.69
"334510",0.000155033296923998,0.362883338110194,1,0,0.252805200575297,85.03
"334511",0.000331207497973997,0.468961290641888,1,0,0.271443824968238,86.22
"334512",0,0,0,0,0.258493438955743,80.1
"334513",0.000140939360839999,0.427900333583938,1,0,0.311096874017559,85.88
"334514",0,0,0,0,0.265055979473776,85.03
"334515",3.52348402099996e-05,0.168291285506895,1,0,0.290795198739316,87.76
"334516",0.000725837708325993,2.81863366758752,1,1,0.321227495792219,93.37
"334517",0,0,0,0,0.243241047866602,86.39
"334519",0.000887917973291991,3.7608630980988,1,1,0.3035380662698,90.14
"334610",2.11409041259998e-05,0.315447847561276,1,0,0.273689703213532,88.27
"335131",9.16105845459991e-05,2.37013474026709,1,1,0.297828874418092,88.78
"335132",0,0,0,0,0.253601370411506,80.27
"335139",0,0,0,0,0.246508638520702,79.42
"335210",0,0,0,0,0.260446211602188,80.95
"335220",0,0,0,0,0.230919407792385,71.6
"335311",0,0,0,0,0.263308313754757,75.85
"335312",2.11409041259998e-05,0.100723638335521,1,0,0.284635065819715,80.1
"335313",0,0,0,0,0.259892661255729,76.36
"335314",0,0,0,0,0.270298446857378,80.1
"335910",2.81878721679997e-05,0.0876406554673702,1,0,0.244180706019347,71.43
"335921",0,0,0,0,0.250205985311805,82.48
"335929",0.000260737817553997,3.46651811351333,1,1,0.281498538612321,86.56
"335931",0,0,0,0,0.279364486700687,80.78
"335932",0,0,0,0,0.245273134685474,77.72
"335991",0,0,0,0,0.263321913590175,81.29
"335999",0.000620133187695994,2.82655435748521,1,1,0.302113441844063,86.39
"336110",0,0,0,0,0.220870837283612,69.73
"336120",0,0,0,0,0.250608119710023,78.06
"336211",1.40939360839999e-05,0.0392234571971496,1,0,0.296965700203369,75.17
"336212",0.000218456009301998,0.899141311287481,1,0,0.31913584102893,79.42
"336213",0,0,0,0,0.233235930735579,73.81
"336214",0.000711743772241993,2.788062690133,1,1,0.338397416133186,86.73
"336310",2.11409041259998e-05,0.0629387277441446,1,0,0.282248564442764,74.49
"336320",2.11409041259998e-05,0.060031229383108,1,0,0.286237815628797,76.02
"336330",0,0,0,0,0.253410348816629,73.81
"336340",0,0,0,0,0.240710629951429,72.96
"336350",5.63757443359994e-05,0.12445605700613,1,0,0.263200354942514,73.64
"336360",0.000112751488671999,0.259387472062105,1,0,0.263454724423152,72.96
"336370",7.04696804199993e-06,0.0147630037456873,1,0,0.249324399485928,71.77
"336390",7.04696804199993e-05,0.0791206633660171,1,0,0.30574084467628,77.04
"336411",6.34227123779994e-05,0.0432227949411446,1,0,0.270345245564235,86.05
"336412",0,0,0,0,0.260185747395614,80.44
"336413",0.00242415700644798,4.00551571803405,1,1,0.32673591915954,89.63
"336414",7.04696804199993e-06,0.0150452421609794,1,0,0.281494430630121,91.84
"336415",7.04696804199993e-06,0.0623646597464782,1,0,0.293793316332136,91.67
"336419",0,0,0,0,0.252735071747232,88.27
"336510",0,0,0,0,0.249352620891369,72.11
"336611",0,0,0,0,0.304030336316948,90.65
"336612",0.000112751488671999,0.440367098691089,1,0,0.352717102671286,92.18
"336991",7.04696804199993e-06,0.119221571009911,1,0,0.29017943252776,86.56
"336992",0,0,0,0,0.23148022874519,79.25
"336999",0,0,0,0,0.289193520199325,81.97
"337110",0.000916105845459991,1.25375600618005,1,1,0.395139818478115,94.39
"337121",7.75166484619992e-05,0.281656830242562,1,0,0.246066124977534,73.47
"337122",0.000436912018603996,2.54568876622013,1,1,0.3791506765453,96.26
"337126",0.000183221169091998,3.12585004500287,1,1,0.293949639493819,86.05
"337127",0,0,0,0,0.280822434202583,78.57
"337211",6.34227123779994e-05,0.727090070312716,1,0,0.262458382998954,78.74
"337212",0.000232549945385998,1.3716047243755,1,1,0.347798978214707,90.65
"337214",0,0,0,0,0.239521120769265,77.89
"337215",0,0,0,0,0.27688268023566,76.36
"337910",7.04696804199993e-06,0.0615491290989593,1,0,0.266763785674439,81.12
"337920",1.40939360839999e-05,0.27005035561357,1,0,0.280782398901875,87.76
"339112",6.34227123779994e-05,0.0776059495958667,1,0,0.2823627974481,85.71
"339113",3.52348402099996e-05,0.059847177208409,1,0,0.318777297826394,86.73
"339114",7.04696804199993e-06,0.0721222959951933,1,0,0.269256860853077,85.03
"339115",7.04696804199993e-06,0.0505434712069997,1,0,0.253830895570533,82.48
"339116",0.000324160529931997,1.14201360320039,1,1,0.348393003270342,90.99
"339910",7.75166484619992e-05,0.508200441690388,1,0,0.361575275123504,95.92
"339920",0.00189563440329798,6.64766624839204,1,1,0.39695414850143,97.11
"339930",0.000288925689721997,3.58074945081269,1,1,0.338454925227591,92.86
"339940",3.52348402099996e-05,0.578806571657618,1,0,0.261713269681889,79.25
"339950",0.000796307388745992,1.54202166857582,1,1,0.372595312071928,91.84
"339991",0.000119798456713999,0.720503852015324,1,0,0.267770817456837,75.17
"339992",0.00167013142595398,22.3253430750412,1,1,0.338968986133533,93.37
"339993",0,0,0,0,0.236399943110421,80.1
"339994",1.40939360839999e-05,0.307537631164383,1,0,0.245939572401564,74.49
"339995",0,0,0,0,0.262431629550044,74.49
"339999",0.000436912018603996,0.951948683229886,1,0,0.355206776580685,88.27
"423110",0.000331207497973997,0.406099314801711,1,0,0.353300606583335,84.01
"423120",6.34227123779994e-05,0.05995895555289,1,0,0.319161211107165,81.46
"423130",0,0,0,0,0.310138002039668,81.46
"423140",7.75166484619992e-05,0.572150467632628,1,0,0.358610284968047,87.76
"423210",3.52348402099996e-05,0.118859363709787,1,0,0.264959696989818,84.18
"423220",2.11409041259998e-05,0.0581785306579482,1,0,0.276817962341066,84.35
"423310",0.00096543462175399,1.44307731852518,1,1,0.359382399005583,90.31
"423320",0.000260737817553997,0.663498803071115,1,0,0.359767059321415,91.5
"423330",0.000824495260913992,3.02518808106074,1,1,0.345918754785282,87.76
"423390",4.22818082519996e-05,0.196354478291778,1,0,0.336790479013826,87.07
"423410",7.04696804199993e-05,1.0438979161167,1,1,0.277966576930574,89.8
"423420",0.000176174201049998,0.437878390751717,1,0,0.303850280530168,85.54
"423430",0.000697649836157993,0.529948919995846,1,0,0.247459959400702,86.9
"423440",0.000197315105175998,0.574957858674661,1,0,0.27049461279741,80.61
"423450",0.000761072548535992,0.415369474783592,1,0,0.248520125681222,81.63
"423460",0.000500334730981995,3.84825033336488,1,1,0.278287152051926,86.73
"423490",0.000232549945385998,1.05260948857898,1,1,0.305814111835167,89.12
"423510",7.75166484619992e-05,0.100638622392792,1,0,0.323719001850141,81.29
"423520",0,0,0,0,0.287921057874442,83.67
"423610",0.000746978612451993,0.646313512153952,1,0,0.310461629195253,84.01
"423620",4.22818082519996e-05,0.203978259474658,1,0,0.256705931474861,82.82
"423690",0.000239596913427998,0.290688716994316,1,0,0.257506597720242,85.37
"423710",2.11409041259998e-05,0.0389632419497429,1,0,0.291004707854611,79.93
"423720",0.00167013142595398,2.37521863204553,1,1,0.378028651166046,94.73
"423730",0.000105704520629999,0.215579648267255,1,0,0.300751767534845,83.33
"423740",1.40939360839999e-05,0.149556740648421,1,0,0.298756478548075,83.16
"423810",0.000711743772241993,1.13124997343429,1,1,0.4006027238852,94.56
"423820",0.000887917973291991,1.30353656660563,1,1,0.419386170229513,94.05
"423830",0.000387583242309996,0.192581372485284,1,0,0.32233749140346,81.29
"423840",0.000105704520629999,0.168130056070693,1,0,0.327200151600536,82.99
"423850",0.000183221169091998,0.5451338219153,1,0,0.331833923213356,84.01
"423860",1.40939360839999e-05,0.0598999959863534,1,0,0.2987714713368,85.37
"423910",0.000429865050561996,1.14943097721959,1,1,0.364146912848788,93.88
"423920",7.04696804199993e-06,0.0487870956189884,1,0,0.26606880008055,82.48
"423930",0.000359395370141996,0.571610897787442,1,0,0.365802666531591,84.01
"423940",4.93287762939995e-05,0.227697226971427,1,0,0.283860732229936,89.8
"423990",0.000211409041259998,0.380779790572752,1,0,0.32329004920213,86.73
"424110",6.34227123779994e-05,0.941428100236304,1,0,0.260292381096133,82.65
"424120",0.000274831753637997,1.20637315908141,1,1,0.317135503087183,89.8
"424130",9.8657552587999e-05,0.264010361015087,1,0,0.282394447902838,81.46
"424210",0.000204362073217998,0.136380495225855,1,0,0.25638606296449,85.37
"424310",2.81878721679997e-05,0.211320529426075,1,0,0.250670602508387,82.31
"424340",0.000500334730981995,3.7604808918563,1,1,0.307542730817004,91.5
"424350",0.000754025580493992,1.31621493043093,1,1,0.284010319262831,88.95
"424410",0.000260737817553997,0.173873570292283,1,0,0.321250457692656,85.2
"424420",3.52348402099996e-05,0.166408261451346,1,0,0.296675795332101,83.16
"424430",7.75166484619992e-05,0.382242864464455,1,0,0.327514776843684,85.03
"424440",0,0,0,0,0.27618283772364,80.44
"424450",5.63757443359994e-05,0.145646934339454,1,0,0.397919914837476,94.05
"424460",1.40939360839999e-05,0.0835061564602085,1,0,0.324577448849159,92.01
"424470",0.000204362073217998,0.723151042605101,1,0,0.304410571649228,84.35
"424480",9.8657552587999e-05,0.171562226399116,1,0,0.304946541623339,89.8
"424490",0.00220570099714598,1.50717584876707,1,1,0.403278793972172,96.6
"424510",0.000140939360839999,0.593630553632033,1,0,0.401684891444344,91.84
"424520",0.000338254466015997,3.6226599034794,1,1,0.41599886283753,94.56
"424590",4.22818082519996e-05,0.423972068226446,1,0,0.367334405337082,93.88
"424610",8.45636165039992e-05,0.467583620776907,1,0,0.263947531284914,77.04
"424690",0.000352348402099996,0.496495545207912,1,0,0.340130212107184,86.05
"424710",0.000451005954687995,2.23718465503549,1,1,0.416950793948032,95.07
"424720",0.000147986328881999,0.376613387369286,1,0,0.415835902358692,95.41
"424810",0.000613086219653994,0.922624840413791,1,0,0.404954220553052,94.9
"424820",0.00202952679609598,3.48921774306543,1,1,0.314076247287447,89.8
"424910",0.000303019625805997,0.428072674093822,1,0,0.420129240527448,94.05
"424920",7.04696804199993e-06,0.0444144425932293,1,0,0.292263189212627,84.52
"424930",2.11409041259998e-05,0.0728004504485784,1,0,0.329906148785193,89.29
"424940",0,0,0,0,0.311808128895575,84.18
"424950",9.16105845459991e-05,0.666804504380779,1,0,0.278225679088276,80.27
"424990",7.75166484619992e-05,0.148002253425927,1,0,0.314904289469194,88.78
"425120",0.00233254642190198,0.814936600811105,1,0,0.264725619465345,85.88
"441110",0.00657482118318593,1.02573511105388,1,1,0.403486061687172,93.71
"441120",0.000429865050561996,0.360749667243655,1,0,0.388933926160212,90.65
"441210",0.000211409041259998,0.66401996415531,1,0,0.406293370266061,94.22
"441222",0.000239596913427998,1.00267928512887,1,1,0.412954407393053,97.11
"441227",0.000775166484619992,1.61710921634544,1,1,0.422874189872461,95.58
"441330",0.00244529791057398,1.03873058569253,1,1,0.418177283569379,94.22
"441340",0.00220570099714598,1.93937219155146,1,1,0.424364538050042,95.92
"444110",0.00574327895422994,1.36061760899029,1,1,0.414805391063718,94.9
"444120",0.000281878721679997,1.10507719847625,1,1,0.406778423567588,96.26
"444140",0.00276945844050597,2.63367599284634,1,1,0.433902502953464,95.92
"444180",0.00279059934463197,1.80567902128609,1,1,0.426982645192204,96.94
"444230",8.45636165039992e-05,0.432010925540941,1,0,0.384597388093604,89.97
"444240",0.00102181036608999,1.05612183500921,1,1,0.427394102360348,95.75
"445110",0.0185687607906698,1.22275134792164,1,1,0.441981363186046,98.98
"445131",0.000338254466015997,0.329196661747836,1,0,0.397427217631902,96.77
"445132",0.000147986328881999,0.624504113423435,1,0,0.342282681862848,83.33
"445230",7.04696804199993e-06,0.0310350167416853,1,0,0.342332851829699,89.97
"445240",0.000225502977343998,0.60267512174339,1,0,0.393335100374152,93.71
"445250",0,0,0,0,0.361606227035893,94.05
"445291",7.04696804199993e-06,0.0498866626471524,1,0,0.350949423790964,91.33
"445292",0.000225502977343998,1.64067989006495,1,1,0.379310010646743,95.75
"445298",0.000923152813501991,1.67867792404901,1,1,0.43342766575784,98.98
"445320",0.00118389063105599,1.11966495611678,1,1,0.422572566930547,96.94
"449110",0.00145872238469399,1.22403598114556,1,1,0.411981620843471,95.58
"449121",0.00119093759909799,2.76901385028483,1,1,0.421614957658364,96.26
"449122",0.000162080264965998,1.90677274644223,1,1,0.387370150791975,96.43
"449129",0.000535569571191995,0.67363822031203,1,0,0.37717925055233,95.24
"449210",0.00216341918889398,0.92143284235694,1,0,0.341105943722067,90.14
"455110",0.00365032944575596,0.62248162128195,1,0,0.355176425368338,92.69
"455211",0.0107043444557979,1.10984386527399,1,1,0.412557382977206,93.54
"455219",0.00208590254043198,0.581689322215032,1,0,0.410964482902728,92.18
"456110",0.00112046791867799,0.273106940981345,1,0,0.384540141453016,90.99
"456120",0.000880871005249991,0.730842813101547,1,0,0.326132123605779,87.41
"456130",9.16105845459991e-05,0.220196452029888,1,0,0.33148658287273,89.46
"456191",0.000725837708325993,2.31267882679615,1,1,0.409380025897648,97.96
"456199",0.000507381699023995,1.11475414490574,1,1,0.383011422383785,95.07
"457110",0.00788555723899792,1.52339281830579,1,1,0.424678422445624,95.07
"457120",6.34227123779994e-05,0.115290533787724,1,0,0.405464536003233,93.88
"457210",0.000422818082519996,0.983435990622526,1,0,0.43459724306168,96.94
"458110",0.00325569923540397,0.638599284234169,1,0,0.350955649454845,92.18
"458210",0.000606039251611994,0.599146372262275,1,0,0.311061381118785,87.24
"458310",0.000697649836157993,0.871534768251782,1,0,0.375147377043346,95.07
"458320",7.04696804199993e-05,0.992132989570447,1,0,0.346146425949972,93.88
"459110",0.00498220640569395,2.81393345489743,1,1,0.434134404409973,98.13
"459120",0.00116274972692999,1.40080958519555,1,1,0.400274033437974,95.24
"459130",0.000514428667065995,2.17796021714845,1,1,0.426714748239964,96.43
"459140",0.000281878721679997,1.26952830846497,1,1,0.365658801190286,92.86
"459210",0.000909058877417991,2.1140489018491,1,1,0.418338422543813,98.81
"459310",0.000725837708325993,1.65707959836129,1,1,0.416655894401403,95.41
"459410",0.000458052922729995,1.15692547558786,1,1,0.402231886718655,96.94
"459420",0.00197315105175998,2.3201768551451,1,1,0.449259896627956,99.32
"459510",0.00183221169091998,1.24286676160722,1,1,0.409917548201244,95.41
"459910",0.00107818611042599,1.33251735073574,1,1,0.380148829345391,95.24
"459920",0.000373489306225996,2.74417645567583,1,1,0.462248901568347,100
"459930",0.000133892392797999,1.66161616615907,1,1,0.412492195509785,95.24
"459991",0.00533455480779395,5.57928169427518,1,1,0.434023795958174,97.28
"459999",0.00165603748986998,1.28477027550619,1,1,0.408856948219487,97.79
"481111",0.00124731334343399,0.433397491310503,1,0,0.275369868863304,90.14
"481112",0,0,0,0,0.267732960196355,86.05
"481211",0.000549663507275994,2.10778282621025,1,1,0.369902200139403,96.09
"481212",7.04696804199993e-06,0.108329723781845,1,0,0.302509257229839,90.82
"481219",5.63757443359994e-05,1.17051840656134,1,1,0.351359864550956,94.56
"482110",0.00118389063105599,0.964483404467077,1,0,0.403107867415582,93.2
"483111",0,0,0,0,0.266810432239497,89.46
"483112",0,0,0,0,0.323728567345473,94.56
"483113",0,0,0,0,0.314836968404345,92.69
"483114",0,0,0,0,0.317973220245178,93.03
"483211",0,0,0,0,0.283169725594392,83.5
"483212",0,0,0,0,0.327974157930961,93.03
"484110",0.000817448292871992,0.374671020309859,1,0,0.385472116557213,89.12
"484121",0.00134597089602199,0.35190531186435,1,0,0.374222923232838,84.86
"484122",0.000584898347485994,0.367674791998834,1,0,0.328243017236568,81.97
"484210",0.000909058877417991,1.59192361127418,1,1,0.378610570391728,95.07
"484220",0.00136711180014799,0.980878305000715,1,0,0.4166354121095,93.54
"484230",0.000119798456713999,0.149636039026283,1,0,0.386105154513866,87.93
"485111",0,0,0,0,0.247090395131027,83.67
"485112",0,0,0,0,0.255499763049653,88.95
"485113",0,0,0,0,0.328591265321595,89.8
"485119",0,0,0,0,0.289256589011824,90.65
"485210",0,0,0,0,0.324780851630119,89.12
"485310",0.000817448292871992,1.12869596644508,1,1,0.328330957749959,93.71
"485320",0.000627180155737994,0.620750905717739,1,0,0.286964734838409,90.48
"485410",0.00097248158979599,0.834394909489825,1,0,0.362387829279343,93.54
"485510",0.000331207497973997,2.44247117819062,1,1,0.345251826156347,88.95
"485991",0.000253690849511997,0.558771465856779,1,0,0.365275130763401,93.2
"485999",6.34227123779994e-05,0.260383213046682,1,0,0.37882991961328,96.6
"486110",8.45636165039992e-05,1.17424795381819,1,1,0.339140865511913,90.31
"486210",0.000105704520629999,0.518249691058947,1,0,0.388384033539548,93.54
"486910",0,0,0,0,0.314472100809541,82.99
"486990",0,0,0,0,0.245459144993058,76.87
"487110",0.000310066593847997,4.57371797073867,1,1,0.402730456907985,98.81
"487210",0.000133892392797999,1.12263586580907,1,1,0.407796859904987,97.96
"487990",4.22818082519996e-05,2.34438753375215,1,1,0.382236984689191,97.11
"488111",0,0,0,0,0.293183798686312,82.14
"488119",0.000556710475317994,0.754048206702284,1,0,0.323088619720263,92.69
"488190",0.000768119516577992,0.904926933687828,1,0,0.354723443064856,92.69
"488210",7.04696804199993e-06,0.0307714810802597,1,0,0.329275540170135,80.27
"488310",0,0,0,0,0.287656304152329,87.59
"488320",0,0,0,0,0.313939841069618,92.01
"488330",0,0,0,0,0.30493286568574,87.59
"488390",0,0,0,0,0.313496939837155,89.97
"488410",0.000458052922729995,0.903442245198207,1,0,0.40720809424898,95.75
"488490",0.000126845424755999,0.488982181250974,1,0,0.320283477008817,85.03
"488510",0.000303019625805997,0.179123030398246,1,0,0.271983007076879,81.8
"488991",0,0,0,0,0.287821388156157,83.16
"488999",1.40939360839999e-05,0.14364582175937,1,0,0.303664672710281,85.71
"491110",0.000232549945385998,3.1107388914704,1,1,0.419751141891026,98.81
"492110",0.00478489130051795,0.830703699826694,1,0,0.301507530268687,84.86
"492210",0.000204362073217998,0.146704632996198,1,0,0.305798412558336,88.44
"493110",0.000387583242309996,0.0382572280062019,1,0,0.284797623559228,76.87
"493120",7.04696804199993e-06,0.0165683332346905,1,0,0.31180212774236,81.97
"493130",7.04696804199993e-05,1.14605753119333,1,1,0.38901067783967,94.39
"493190",3.52348402099996e-05,0.110071059592327,1,0,0.313111049673819,83.33
"512110",0.000549663507275994,0.343537443503781,1,0,0.257188501769027,89.97
"512120",2.11409041259998e-05,0.406954196450793,1,0,0.26142320469008,88.61
"512131",0.000669461963989993,0.973487357820041,1,0,0.427276300573089,98.3
"512132",2.11409041259998e-05,1.4647763128213,1,1,0.33395924820204,87.59
"512191",6.34227123779994e-05,0.417370011671391,1,0,0.263643579020358,89.8
"512199",4.22818082519996e-05,1.65263551706654,1,1,0.288967799634778,90.82
"512230",3.52348402099996e-05,0.626828792573797,1,0,0.276129835721203,88.95
"512240",0.000162080264965998,1.79976804616733,1,1,0.331982707907455,92.86
"512250",7.04696804199993e-06,0.106314069033849,1,0,0.274982261276162,88.95
"512290",7.04696804199993e-06,0.251321413192743,1,0,0.312492179551467,91.84
"513110",0.000606039251611994,1.13121411477313,1,1,0.437452367346574,96.94
"513120",0.000225502977343998,0.568500754410194,1,0,0.309077069189268,89.8
"513130",0.000260737817553997,0.811515541945844,1,0,0.290081882720446,87.07
"513140",0,0,0,0,0.29054309505937,88.1
"513191",0,0,0,0,0.268955990138642,87.76
"513199",0.000190268137133998,0.752288383477556,1,0,0.28474679978174,89.8
"513210",0.00109932701455199,0.299955257928602,1,0,0.287442409491699,91.67
"516110",0.000436912018603996,1.36209850665343,1,1,0.428514796040459,96.09
"516120",0.000366442338183996,0.914018966070178,1,0,0.343827616291281,87.93
"516210",0.000253690849511997,0.183966847910932,1,0,0.27895964916188,90.14
"517111",0.00159966174553398,0.601344340571954,1,0,0.399024112274112,96.43
"517112",0.000260737817553997,0.520801896355047,1,0,0.358814494573951,90.31
"517121",0.000112751488671999,0.492146454078273,1,0,0.317157732406293,85.71
"517410",0.000105704520629999,1.99922816700574,1,1,0.328441728450994,94.22
"517810",7.75166484619992e-05,0.276527098953228,1,0,0.31906124154078,92.01
"518210",0.00172650717028998,0.60180652766484,1,0,0.258887147917854,87.76
"519210",0.000155033296923998,0.940234465944017,1,0,0.307050240235645,87.76
"519290",0.000556710475317994,0.596346682073051,1,0,0.269503278218059,90.82
"521110",0.000422818082519996,3.44041934564823,1,1,0.278655652172694,89.8
"522110",0.00663119692752193,0.835262550609872,1,0,0.404060697422625,92.18
"522130",0.00169127233007998,0.946078336268413,1,0,0.4128624951778,96.43
"522180",0.000775166484619992,1.39746318340253,1,1,0.387843067574695,96.09
"522210",2.81878721679997e-05,0.0743799387070797,1,0,0.25334750666929,87.24
"522220",4.93287762939995e-05,0.100505066313732,1,0,0.254984597018022,81.12
"522291",0.000944293717627991,1.77777974048211,1,1,0.361087963697271,89.29
"522292",0.000317113561889997,0.299528378707491,1,0,0.302276749575031,87.41
"522299",0.000479193826855995,0.921279946650676,1,0,0.352033389553597,88.95
"522310",0.000267784785595997,0.53265606148031,1,0,0.275801178171482,86.9
"522320",0.000155033296923998,0.207131466523819,1,0,0.262841147283885,85.03
"522390",0.000401677178393996,0.925655908549154,1,0,0.27188982206379,84.52
"523150",0.00119798456713999,0.454019430376023,1,0,0.247529881075041,87.59
"523160",2.11409041259998e-05,0.132002478708349,1,0,0.310015436940557,88.44
"523210",0,0,0,0,0.286108225239857,88.95
"523910",0.000253690849511997,0.95873496437523,1,0,0.326862344794246,93.03
"523940",0.00167717839399598,0.495877359379958,1,0,0.254803976509453,87.93
"523991",0.000119798456713999,0.821550123944303,1,0,0.318476603589384,89.63
"523999",9.8657552587999e-05,0.430692851537759,1,0,0.281958135070124,89.12
"524113",2.11409041259998e-05,0.0158438613064942,1,0,0.267968731048195,84.18
"524114",0.00420703992107396,1.48483873551861,1,1,0.294396766264393,87.24
"524126",0.000133892392797999,0.04671320955457,1,0,0.276437628045193,80.78
"524127",0.000648321059863994,1.78009504216607,1,1,0.406969461131269,97.79
"524128",4.93287762939995e-05,0.382408212469556,1,0,0.274052535822998,85.88
"524130",1.40939360839999e-05,0.0712191470627937,1,0,0.254266316669588,86.05
"524210",0.00804059053592192,1.01464984663029,1,1,0.349956930769443,89.63
"524291",0.000197315105175998,0.450745684045702,1,0,0.294423315873136,84.35
"524292",0.000746978612451993,0.547946143090448,1,0,0.28514913220753,86.56
"524298",0.00107818611042599,1.67303915113516,1,1,0.296372744715903,89.12
"525110",0,0,0,0,0.287497624016759,86.73
"525120",2.11409041259998e-05,0.695485412919114,1,0,0.277314688712005,87.41
"525190",0,0,0,0,0.299545240511437,88.95
"525910",0,0,0,0,0.289385785605948,89.63
"525920",7.04696804199993e-06,0.277869049465308,1,0,0.35232915716824,93.54
"525990",4.93287762939995e-05,0.730232122435708,1,0,0.298274598604247,91.5
"531110",0.00199429195588598,0.655480817819628,1,0,0.376840429005105,96.09
"531120",0.00134597089602199,0.957079442351669,1,0,0.34907115928519,93.54
"531130",0.000831542228955992,1.29759446068911,1,1,0.435417010133875,98.64
"531190",0.000690602868115993,1.78708827350949,1,1,0.440095562957232,98.64
"531210",0.00357985976533596,1.11996167782258,1,1,0.411677288662068,97.28
"531311",0.00343187343645397,1.03752469722478,1,1,0.389094237136625,95.92
"531312",0.000197315105175998,0.185979204624015,1,0,0.296679284353226,88.78
"531320",0.000310066593847997,1.71360361976317,1,1,0.415827865910589,97.45
"531390",0.000845636165039992,1.1483340587377,1,1,0.363488472874699,94.9
"532111",0.00236073429406998,3.70717762070852,1,1,0.360511471815696,94.73
"532112",2.11409041259998e-05,0.307524799988183,1,0,0.257690783845954,85.88
"532120",0.000549663507275994,1.0014193311266,1,1,0.310629065138009,82.99
"532210",3.52348402099996e-05,0.649565919884797,1,0,0.363729762991076,87.41
"532281",0,0,0,0,0.290215837955241,81.12
"532282",0,0,0,0,0.324404618174536,88.61
"532283",0.000140939360839999,0.740459339794538,1,0,0.405040504026269,93.88
"532284",0.000387583242309996,3.1767007721443,1,1,0.441354683708581,99.66
"532289",0.000479193826855995,1.29513971693603,1,1,0.389063459352401,94.9
"532310",0.000218456009301998,1.18966077592921,1,1,0.410785879873171,96.77
"532411",0,0,0,0,0.306301212573262,88.44
"532412",0.000183221169091998,0.321709229868852,1,0,0.373393787105314,92.86
"532420",0,0,0,0,0.291610982740049,86.9
"532490",0.000246643881469998,0.503903468684978,1,0,0.309223490170145,86.39
"533110",0.000225502977343998,1.75157911892154,1,1,0.312346357385296,91.33
"541110",0.00493287762939995,0.668321572424931,1,0,0.261817727102824,87.07
"541191",0.000422818082519996,1.13507983339238,1,1,0.415325108299972,96.09
"541199",0.000387583242309996,1.47306884519888,1,1,0.320166062154773,93.2
"541211",0.00299496141784997,0.939033482076369,1,0,0.290884778033959,87.59
"541213",0.000542616539233995,0.650376085229281,1,0,0.387526850154611,93.2
"541214",0.000768119516577992,0.572681246697352,1,0,0.285499152814686,88.44
"541219",0.00293153870547197,1.26130764219463,1,1,0.446400369261522,99.15
"541310",0.00358690673337796,2.79051953788794,1,1,0.32135678297781,91.84
"541320",0.000479193826855995,1.59521858844779,1,1,0.398188741886162,96.94
"541330",0.00937246749585991,1.3518404252337,1,1,0.347691070562748,93.54
"541340",8.45636165039992e-05,0.846775162975101,1,0,0.422529656839509,97.62
"541350",0.000197315105175998,0.932871932501941,1,0,0.391583018307553,95.92
"541360",0.000197315105175998,2.2542010548012,1,1,0.401814587323965,97.79
"541370",0.000295972657763997,0.857948066826589,1,0,0.424852462558192,97.79
"541380",0.000690602868115993,0.673252479536289,1,0,0.320053436008196,86.9
"541410",0.00162080264965998,2.46388127811475,1,1,0.376103800352942,95.75
"541420",0.000126845424755999,0.843915091151451,1,0,0.273517849294385,84.18
"541430",0.00139529967231599,1.90757505608857,1,1,0.391093662935055,96.94
"541490",0.000147986328881999,0.824811856041458,1,0,0.306383126897348,91.67
"541511",0.0095204538247419,1.43127040138738,1,1,0.309319690935008,93.54
"541512",0.00534864874387795,0.772937286641365,1,0,0.25772281367994,88.27
"541513",0.000183221169091998,0.372221279351109,1,0,0.309848749678137,90.31
"541519",0.000443958986645996,0.520278053311369,1,0,0.294336023438743,89.8
"541611",0.00530636693562595,0.920902194332656,1,0,0.276676265178971,89.8
"541612",0.000338254466015997,0.54476617223542,1,0,0.260881304254825,86.22
"541613",0.00310066593847997,1.35121714534029,1,1,0.315774509992155,93.03
"541614",0.000303019625805997,0.295180548691303,1,0,0.272679861696152,81.8
"541618",0.000408724146435996,0.47706189983325,1,0,0.294586990327991,89.63
"541620",0.00225502977343998,3.25112808822437,1,1,0.41487669981221,98.98
"541690",0.00149395722490399,0.973946605644948,1,0,0.378568530331839,96.77
"541713",8.45636165039992e-05,0.60307268909481,1,0,0.286554965547295,89.97
"541714",0.000281878721679997,0.169015428958684,1,0,0.285197957455734,90.65
"541715",0.00203657376413798,0.63680869902977,1,0,0.295618953305797,88.78
"541720",0.000500334730981995,1.23750505534421,1,1,0.33836900615391,95.24
"541810",0.000563757443359994,0.407704348140379,1,0,0.250807841234904,87.59
"541820",0.000345301434057997,0.737397487677724,1,0,0.300834857755878,93.2
"541830",2.11409041259998e-05,0.188144639731386,1,0,0.221114199966259,84.52
"541840",4.22818082519996e-05,0.352549596121718,1,0,0.280187308792766,88.44
"541850",0.000169127233007998,0.840834406356008,1,0,0.291906453401667,82.65
"541860",7.04696804199993e-06,0.0336656362753118,1,0,0.26201506204939,82.99
"541870",9.16105845459991e-05,0.83463822932579,1,0,0.313901665991102,90.65
"541890",0.000662414995947993,1.08161286190307,1,1,0.288746057982334,88.61
"541910",4.93287762939995e-05,0.113091000207829,1,0,0.272683024359086,87.76
"541921",0.000408724146435996,1.22560636322001,1,1,0.406658866810601,97.96
"541922",0.000133892392797999,1.17295956008023,1,1,0.377984481446491,95.41
"541930",6.34227123779994e-05,0.236530210067286,1,0,0.279389151428573,87.76
"541940",0.00444663683450196,1.59120289295732,1,1,0.431834597175046,97.11
"541990",0.00113456185476199,0.562889469183299,1,0,0.332875174130716,91.16
"551111",7.04696804199993e-06,0.144134584968453,1,0,0.329037982349905,86.56
"551112",0.000133892392797999,0.262435177886376,1,0,0.307004124324,84.69
"551114",0.00341777950036997,0.236774354338826,1,0,0.259490572956583,80.44
"561110",0.00236073429406998,0.630855881845493,1,0,0.30403330889054,86.39
"561210",7.04696804199993e-05,0.068235974231445,1,0,0.347501049280211,89.46
"561311",0.000373489306225996,0.255655629937193,1,0,0.258574475016358,81.8
"561312",8.45636165039992e-05,0.337156846790786,1,0,0.280352027828414,87.93
"561320",0.00470032768401395,0.312391108954065,1,0,0.26751947929668,76.36
"561330",0.000556710475317994,0.227659989648274,1,0,0.320603465093114,89.8
"561410",0.000303019625805997,0.8149170779609,1,0,0.337498651011393,90.48
"561421",7.04696804199993e-05,0.323619353974217,1,0,0.32265565345867,87.59
"561422",7.04696804199993e-05,0.037460672383875,1,0,0.339882234302508,87.59
"561431",0.000317113561889997,1.43262389006338,1,1,0.384642737268051,95.92
"561439",8.45636165039992e-05,0.332255427610745,1,0,0.30168341205521,89.29
"561440",0.000422818082519996,0.812696885838995,1,0,0.303678940912482,82.99
"561450",1.40939360839999e-05,0.109191508616162,1,0,0.243267953986337,84.69
"561491",1.40939360839999e-05,0.247349052186878,1,0,0.329259802756465,87.41
"561492",0.000310066593847997,2.37102245813877,1,1,0.397497521204657,97.11
"561499",0.00100066946196399,1.68234998516169,1,1,0.311266641946349,90.99
"561510",0.000803354356787992,1.36406375676915,1,1,0.34034780295801,93.88
"561520",0.000451005954687995,2.7879922103515,1,1,0.391669088297364,97.62
"561591",0.000105704520629999,1.73641971497285,1,1,0.406910243403379,97.28
"561599",0.000133892392797999,0.288816708359048,1,0,0.321698822893789,92.18
"561611",3.52348402099996e-05,0.127510231019299,1,0,0.300801851904106,87.07
"561612",0.000366442338183996,0.0774854672240893,1,0,0.277716690828188,87.07
"561613",0.000140939360839999,0.927769101794523,1,0,0.316247315911682,87.41
"561621",0.000472146858813995,0.547194165081976,1,0,0.295712101683947,84.35
"561622",0.000133892392797999,0.971235115098054,1,0,0.369524944799735,93.54
"561710",0.000105704520629999,0.116486519386885,1,0,0.376751751224452,91.5
"561720",0.0094781720164899,1.15206314786593,1,1,0.384442125522536,95.07
"561730",0.0104436066382439,1.41676446378499,1,1,0.42512358740733,98.13
"561740",0.000648321059863994,2.41167305181324,1,1,0.416040416592215,97.79
"561790",0.00102885733413199,1.10449127012738,1,1,0.38802889027217,95.75
"561910",2.11409041259998e-05,0.0566902613954742,1,0,0.269214835807617,73.81
"561920",0.000147986328881999,0.430541905262249,1,0,0.295713169933699,90.31
"561990",0.00123321940734999,0.982461848865598,1,0,0.333956074783774,88.61
"562111",0.00156442690532398,1.38912869621145,1,1,0.422013283372214,96.6
"562112",0,0,0,0,0.294276537873652,86.22
"562119",0.000133892392797999,1.21263104146075,1,1,0.376225406228199,94.22
"562211",4.22818082519996e-05,0.166439074316739,1,0,0.285805935487739,81.8
"562212",2.11409041259998e-05,0.0914349526883934,1,0,0.37719149473284,92.01
"562213",0,0,0,0,0.265287749388482,85.71
"562219",1.40939360839999e-05,0.113819982181611,1,0,0.333969675019066,87.93
"562910",0.000493287762939995,0.828720037951419,1,0,0.351842628144551,91.5
"562920",4.22818082519996e-05,0.273710661595929,1,0,0.325337551018688,85.03
"562991",0.000521475635107995,2.32347529734884,1,1,0.441903818706818,98.64
"562998",0.000105704520629999,0.715690605324578,1,0,0.339130004665678,87.41
"611110",0.00426341566540996,0.567682826209416,1,0,0.36104623796756,92.86
"611210",3.52348402099996e-05,0.190647940233119,1,0,0.346365415698947,88.61
"611310",0.00563757443359994,0.50929238448239,1,0,0.291992563510272,82.31
"611410",6.34227123779994e-05,3.04074026654982,1,1,0.299128591449132,91.16
"611420",0.000112751488671999,0.969915868886161,1,0,0.300591702683344,90.82
"611430",0.000606039251611994,1.82295406393013,1,1,0.359810864436936,95.58
"611511",7.75166484619992e-05,0.702926016674335,1,0,0.340983337371142,87.59
"611512",0.000669461963989993,4.15537160157316,1,1,0.341464665884508,92.01
"611513",9.8657552587999e-05,1.02183036941393,1,1,0.317388710311763,87.24
"611519",4.93287762939995e-05,0.131556849595393,1,0,0.34219871072987,90.99
"611610",0.00102181036608999,1.0181395278417,1,1,0.38701260272623,97.28
"611620",0.00221979493322998,1.56389776071845,1,1,0.383382212106602,96.43
"611630",0.000140939360839999,1.15695900139963,1,1,0.322729881970225,93.88
"611691",0.000324160529931997,0.42184204835517,1,0,0.275192171950236,89.12
"611692",0,0,0,0,0.335700313128009,87.93
"611699",0.00195905711567598,3.09634725796041,1,1,0.413843654070779,98.47
"611710",0.00096543462175399,0.682009864581854,1,0,0.331875748694875,92.69
"621111",0.0154469539480638,0.918656747817713,1,0,0.371897945503533,90.48
"621112",0.000725837708325993,1.28433382364489,1,1,0.356952017108626,93.37
"621210",0.00711743772241993,1.12988807914219,1,1,0.410181075745755,97.96
"621310",0.00149395722490399,1.55023525768149,1,1,0.426283955121714,96.6
"621320",0.00112046791867799,1.19415161744409,1,1,0.423612142285383,95.75
"621330",0.00186744653112998,1.07563027152249,1,1,0.377081455098189,96.26
"621340",0.00305838413022797,1.03392811365674,1,1,0.386906548982054,94.05
"621391",0.000162080264965998,0.835488750274438,1,0,0.362758056053485,90.99
"621399",0.00183925865896198,1.52362128829432,1,1,0.422496540731366,98.64
"621410",0.000394630210351996,1.87878817430695,1,1,0.380782637765591,96.09
"621420",0.00126140727951799,0.647042543264773,1,0,0.403163613119314,95.41
"621491",0,0,0,0,0.274164009172442,89.8
"621492",4.93287762939995e-05,0.0606706374795599,1,0,0.369735676057481,89.12
"621493",0.000831542228955992,0.749459302889421,1,0,0.373505015966343,92.18
"621498",0.00179697685070998,1.11528994129048,1,1,0.408679590813191,98.47
"621511",0.000260737817553997,0.192914560821973,1,0,0.298746780336854,86.73
"621512",0.000147986328881999,0.28559643549036,1,0,0.307674966768854,87.59
"621610",0.00345301434057997,0.3297372669326,1,0,0.32980786160483,86.39
"621910",0.000584898347485994,0.548139142638758,1,0,0.406002057782138,94.9
"621991",0.000211409041259998,0.401640968968197,1,0,0.34318892316168,86.22
"621999",0.000591945315527994,0.827676452260957,1,0,0.337788296476743,90.48
"622110",0.0281385433917057,0.958265979367061,1,0,0.406957300093372,95.41
"622210",0.00262851907966597,3.42654875488447,1,1,0.35130482471078,89.97
"622310",7.04696804199993e-06,0.00443701670731014,1,0,0.299179753462579,82.82
"623110",0.00305133716218597,0.348716527897172,1,0,0.3951486304416,88.27
"623210",0.00257214333532997,1.08173439283545,1,1,0.380207032636724,91.67
"623220",0.000429865050561996,0.280806427073573,1,0,0.393013539766129,95.41
"623311",0.00224798280539798,0.796964175500138,1,0,0.375443877260603,92.18
"623312",0.00346710827666397,1.18724804706072,1,1,0.42671005078197,97.79
"623990",0.00170536626616398,1.7688079774147,1,1,0.401381593214243,96.6
"624110",0.00119093759909799,0.802669186577004,1,0,0.393763126494526,95.75
"624120",0.00535569571191995,0.365728683406302,1,0,0.354465304727906,93.03
"624190",0.00333321588386597,0.981651533505324,1,0,0.39786799713509,96.26
"624210",8.45636165039992e-05,0.28208015331484,1,0,0.40303195641011,96.26
"624221",0.000718790740283993,1.29467804163939,1,1,0.428034099993963,98.98
"624229",0.000105704520629999,0.363241656947543,1,0,0.374999551666302,96.43
"624230",4.93287762939995e-05,0.224622246788467,1,0,0.333768690118431,89.8
"624310",0.00134597089602199,0.79954093677244,1,0,0.402383591010848,94.22
"624410",0.00630703639758994,0.878835658236243,1,0,0.40096255951387,95.07
"711110",0.000620133187695994,1.27394468354639,1,1,0.373049895724902,96.26
"711120",5.63757443359994e-05,0.529422644049401,1,0,0.330614852101482,90.99
"711130",0.000528522603149995,1.45911614842993,1,1,0.31726143230346,89.12
"711190",0.000162080264965998,2.41822651119317,1,1,0.331486334702892,93.2
"711211",5.63757443359994e-05,0.0802829155521801,1,0,0.273700456956048,84.69
"711212",6.34227123779994e-05,0.419237509827664,1,0,0.312971340299275,84.86
"711219",2.81878721679997e-05,0.148633885987432,1,0,0.323246718358373,90.14
"711310",0.000366442338183996,0.436967702902945,1,0,0.33385430401436,91.16
"711320",0.000359395370141996,1.21582403361134,1,1,0.352818960330326,94.56
"711410",7.75166484619992e-05,0.364184065342876,1,0,0.318257569077694,93.88
"711510",0.00393925513547796,1.87501329404204,1,1,0.450681140304515,99.49
"712110",0.000662414995947993,1.08722403858824,1,1,0.399800383087,98.13
"712120",2.11409041259998e-05,0.234245039284204,1,0,0.347797509245628,92.18
"712130",0.000507381699023995,1.78717449381506,1,1,0.335092399189003,90.82
"712190",0.000429865050561996,5.05538710981946,1,1,0.393870054267273,97.11
"713110",7.04696804199993e-06,0.00579918647088097,1,0,0.272371878548599,84.18
"713120",0.000119798456713999,0.556782663716119,1,0,0.35747000371663,89.8
"713210",0.000133892392797999,0.354183949712237,1,0,0.273044688772183,78.74
"713290",0.00415066417673796,10.038881054264,1,1,0.394181828763361,97.62
"713910",0.00258623727141397,1.00402970334341,1,1,0.413586180910664,96.6
"713920",0.00306543109826997,12.0635639985431,1,1,0.410067038270521,98.81
"713930",0.000140939360839999,0.502447521497833,1,0,0.383608405027983,94.73
"713940",0.00612381522849794,1.47915037544979,1,1,0.363174732687677,94.56
"713950",0.000584898347485994,1.44006133294657,1,1,0.41253194379919,95.92
"713990",0.00355167189316796,2.12604773782461,1,1,0.446027409685809,99.49
"721110",0.0359677248863676,3.9931086564804,1,1,0.4793041751248,99.49
"721120",0,0,0,0,0.268377934680463,78.23
"721191",0.000112751488671999,1.24243647806435,1,1,0.439912325930005,99.15
"721199",0.000789260420703992,6.82782073251185,1,1,0.46464640438568,99.49
"721211",0.000563757443359994,2.48770346576105,1,1,0.446728050130591,98.3
"721214",0.00200133892392798,8.50911868546768,1,1,0.450671880579365,99.32
"721310",0.000112751488671999,1.29099146686227,1,1,0.440255406898995,99.32
"722310",0.00147281632077799,0.394841331946804,1,0,0.355268278266394,89.97
"722320",0.00182516472287798,1.35992553718427,1,1,0.344865350954704,92.52
"722330",0.00163489658574398,3.23561304341566,1,1,0.448942670115532,99.15
"722410",0.00795602691941792,3.22342524721367,1,1,0.436681753684154,97.96
"722511",0.0392445650258976,1.26412000890335,1,1,0.417858046595266,98.3
"722513",0.0179345336668898,0.668145887867141,1,0,0.392246745958119,90.82
"722514",4.22818082519996e-05,0.0880742090397282,1,0,0.373868412124842,88.1
"722515",0.00808287234417392,1.46419435957822,1,1,0.428205229337744,99.15
"811111",0.00331207497973997,1.10452015597168,1,1,0.430576462159611,96.09
"811114",0.000493287762939995,1.39486666025449,1,1,0.414265382973766,95.07
"811121",0.00194496317959198,1.1348541585573,1,1,0.415777860261187,95.24
"811122",0.000486240794897995,1.78235960364074,1,1,0.42342283802774,96.94
"811191",0.000859730101123991,1.64968250897322,1,1,0.410487462436789,94.56
"811192",0.000810401324829992,0.62124965494393,1,0,0.375422671665215,89.8
"811198",0.000126845424755999,0.486497034637646,1,0,0.38676908436427,93.03
"811210",0.000176174201049998,0.254053212879516,1,0,0.322958342504621,86.22
"811310",0.00128254818364399,0.768885324910846,1,0,0.405713697048477,91.67
"811411",0.000140939360839999,2.42946517885124,1,1,0.421485706013694,95.92
"811412",0.000338254466015997,1.68320493402986,1,1,0.42720959705042,98.13
"811420",0.000204362073217998,1.7095500246124,1,1,0.419317510303514,98.3
"811430",0.000119798456713999,6.82923615129633,1,1,0.38759972784791,96.6
"811490",0.000782213452661992,1.59048868025708,1,1,0.448418159679114,98.64
"812111",0.000119798456713999,0.212728852213629,1,0,0.343212013315972,87.41
"812112",0.00443958986645996,0.981995374610003,1,0,0.374345940153929,91.33
"812113",0.00152919206511398,0.989696038581219,1,0,0.322470864307283,90.65
"812191",0.000183221169091998,1.56391988247757,1,1,0.406110250982706,97.62
"812199",0.00164194355378598,1.06161666791857,1,1,0.412475197369686,97.79
"812210",0.000465099890771995,0.714377712386312,1,0,0.401400041175793,90.14
"812220",0.000295972657763997,1.51759753052584,1,1,0.357005808976763,86.9
"812310",0.000260737817553997,1.00477453200669,1,1,0.415899710822432,98.98
"812320",0.000591945315527994,1.02478337241804,1,1,0.361553618798306,93.37
"812331",0.000472146858813995,1.21766366149319,1,1,0.377546871180689,94.56
"812332",0,0,0,0,0.339411829643182,84.52
"812910",0.00183221169091998,1.39675761614187,1,1,0.419986162629275,98.64
"812921",0,0,0,0,0.291264754024786,87.59
"812922",0,0,0,0,0.296440672953473,88.78
"812930",0.000147986328881999,0.185617236794491,1,0,0.25512006369981,87.59
"812990",0.00172650717028998,1.32583487477468,1,1,0.407517269437912,97.62
"813110",0.00589831225115394,0.656732357549488,1,0,0.392961658717947,89.12
"813211",0.00097952855783799,2.12047897485777,1,1,0.376642521054156,97.62
"813212",0.000126845424755999,0.544047417044344,1,0,0.283750977473206,88.78
"813219",4.93287762939995e-05,0.186162397683644,1,0,0.323744272728135,89.8
"813311",0.000267784785595997,0.791586593164093,1,0,0.350678805343652,94.56
"813312",0.00285402205700997,6.03844892664282,1,1,0.45405751340372,99.66
"813319",0.00234664035798598,3.12714038557872,1,1,0.408992840017192,98.81
"813410",0.00205066770022198,0.980140074567587,1,0,0.399821628803365,95.24
"813910",0.00267784785595997,3.89544415468414,1,1,0.418705576169026,99.15
"813920",0.00100066946196399,1.92750563652811,1,1,0.29664943541029,90.14
"813930",0.000472146858813995,0.766585551886694,1,0,0.323854296781968,84.01
"813940",0.000923152813501991,10.3311380796612,1,1,0.341195360701295,94.39
"813990",0.000486240794897995,0.774182336606229,1,0,0.39519349886952,96.26
"814110",0.00565166836968394,0.645798787540738,1,0,0.396059941728373,96.94
"901149",0.00165603748986998,0.476619378447447,1,0,0.409927295456065,94.39
"901199",0.0198372150382298,1.36904192170207,1,1,0.421879104822752,98.98
"901200",0.00621542581304394,0.58489398377476,1,0,0.373089465302636,95.75
"902611",0,0,0,0,0.309372497445424,88.61
"902612",0.0529438708995455,3.43590566462604,1,1,0.391943333199683,95.41
"902619",0,0,0,0,0.290504521451817,79.42
"902622",0,0,0,0,0.31199258080549,87.93
"902999",0.0507029350621895,3.79166719946261,1,1,0.431825594908905,97.11
"903611",0.0264331771255417,0.62206412553016,1,0,0.41898472588929,94.56
"903612",0.000155033296923998,0.0424206980869394,1,0,0.386480976216615,95.07
"903619",0.000253690849511997,0.724623985133794,1,0,0.335036107484936,84.86
"903622",0,0,0,0,0.405223029208551,95.24
"903999",0.0228533173602058,0.667789416142251,1,0,0.433740937294334,96.26
"999999",0.00198724498784398,1.48529374450661,1,1,0.351346152609913,94.22
