"industry_code","industry_employment_share","location_quotient","industry_present","industry_comparative_advantage","industry_feasibility","industry_feasibility_percentile_score"
"111000",0.056575969685806,11.1458672996955,1,1,0.302002316353314,57.62
"112000",0.0118941108362718,4.48562377589972,1,1,0.307771881815943,57.51
"113110",0,0,0,0,0.244010318559856,43.78
"113210",0,0,0,0,0.230728492729091,46.05
"113310",0,0,0,0,0.27781159668214,46.59
"114111",0,0,0,0,0.213043984415151,48
"114112",0,0,0,0,0.19362487111572,43.68
"114119",0,0,0,0,0.173928670638894,48
"114210",5.26288090100521e-05,1.36748993504425,1,1,0.282957417745596,55.57
"115111",0,0,0,0,0.214088798179418,48.65
"115112",0.00421030472080417,21.2390889815942,1,1,0.296897547374535,58.81
"115113",5.26288090100521e-05,0.758786698719038,1,0,0.243197070510336,56.22
"115114",0.0139466343876638,28.2860182795764,1,1,0.246912357822272,62.49
"115115",0.0122098836903321,6.2178309530501,1,1,0.306542171811173,62.59
"115116",0.000105257618020104,0.79419061411114,1,0,0.239686241074568,58.05
"115210",0.000368401663070365,1.46510539351835,1,1,0.290714043064723,55.89
"115310",0,0,0,0,0.252816714876655,49.3
"211120",0,0,0,0,0.199809295992828,46.16
"211130",0,0,0,0,0.195491027852914,41.95
"212114",0,0,0,0,0.158215207462334,30.27
"212115",0,0,0,0,0.149681615575702,28.32
"212210",0,0,0,0,0.13942582882593,33.73
"212220",5.26288090100521e-05,0.556805849014498,1,0,0.157566865253009,51.57
"212230",0,0,0,0,0.144241886772271,46.92
"212290",0,0,0,0,0.151470859193806,47.89
"212311",0,0,0,0,0.189485983882219,47.68
"212312",0,0,0,0,0.217886981267577,42.16
"212313",0,0,0,0,0.151789526318344,41.95
"212319",0,0,0,0,0.193619319229695,46.81
"212321",5.26288090100521e-05,0.272482624716718,1,0,0.269065772767074,52.54
"212322",0,0,0,0,0.165240519966992,44.97
"212323",0,0,0,0,0.14359234767596,42.59
"212390",0,0,0,0,0.181833860491805,46.92
"213111",0,0,0,0,0.208169536152482,46.7
"213112",0,0,0,0,0.209723473923448,43.46
"213113",0,0,0,0,0.160270572808683,35.68
"213114",0,0,0,0,0.172667714255392,51.14
"213115",0,0,0,0,0.179005040098889,46.59
"221111",0,0,0,0,0.189252846730685,47.46
"221112",0,0,0,0,0.220305323006218,45.08
"221113",0,0,0,0,0.118673237334786,34.92
"221114",0,0,0,0,0.155301128889288,47.57
"221115",0,0,0,0,0.188460288656068,52.76
"221116",0,0,0,0,0.145402245182135,51.46
"221117",0,0,0,0,0.14629125795339,43.57
"221118",0,0,0,0,0.143938637860142,44.65
"221121",5.26288090100521e-05,0.316100123146771,1,0,0.180944530930719,46.05
"221122",0.00321035734961318,2.42722954268321,1,1,0.288031209204844,48.76
"221210",0,0,0,0,0.249126569592854,47.57
"221310",5.26288090100521e-05,0.164334921082824,1,0,0.272883350461778,49.19
"221320",0,0,0,0,0.208247631947961,46.49
"221330",0,0,0,0,0.12515775672355,43.57
"236115",0.00594705541813589,1.89647468162908,1,1,0.282232642524084,55.14
"236116",5.26288090100521e-05,0.167329150161628,1,0,0.188013638822591,49.08
"236117",0.00126309141624125,2.23602164431961,1,1,0.249005513176609,53.95
"236118",0.00442081995684438,0.97391028688642,1,0,0.26154890797681,49.73
"236210",0.00099994737119099,1.01495402836746,1,1,0.244096008373986,52.76
"236220",0.00884163991368875,1.87477490341295,1,1,0.257282621005389,54.27
"237110",0.00163149307931162,1.27827801738729,1,1,0.275564356848983,55.24
"237120",0,0,0,0,0.22191919268088,45.41
"237130",0,0,0,0,0.250325057293939,47.35
"237210",0.000421030472080417,1.71770740699981,1,1,0.220025177759059,55.24
"237310",0.00378927424872375,1.7003659829214,1,1,0.268828568135164,52.97
"237990",0.000315772854060313,0.368219270512534,1,0,0.249788511886448,51.03
"238110",0.00526288090100521,3.0601728382344,1,1,0.274745160767244,57.95
"238120",0,0,0,0,0.227236191467533,51.89
"238130",0.00142097784327141,2.24367984224956,1,1,0.253837944562115,60.76
"238140",0.000631545708120625,0.606410794219458,1,0,0.250493155224636,52.97
"238150",5.26288090100521e-05,0.105865200136298,1,0,0.239334896693315,49.3
"238160",0.00289458449555287,1.69705971890943,1,1,0.257459824152587,56
"238170",0.00126309141624125,3.61230021132122,1,1,0.275454574932579,53.41
"238190",0.000368401663070365,0.977019257279304,1,0,0.266802792567209,53.73
"238210",0.012104626072312,1.739833492796,1,1,0.247840629843832,55.24
"238220",0.015104468185885,1.84584443115536,1,1,0.254570513288311,54.05
"238290",0.000210515236040208,0.206464091236589,1,0,0.232122636591339,46.81
"238310",0.00205252355139203,1.14310348802686,1,1,0.232534023757981,58.16
"238320",0.00415767591179412,2.17192591072003,1,1,0.251191861765937,55.68
"238330",0.00178937950634177,2.2249437161957,1,1,0.249668082861281,55.24
"238340",0.000315772854060313,0.62552629907923,1,0,0.236761591861864,54.81
"238350",0.00168412188832167,1.09468540652068,1,1,0.264481169731531,54.7
"238390",0.000105257618020104,0.164105641151431,1,0,0.185367142891894,46.59
"238910",0.00568391137308563,1.69189524865854,1,1,0.291649549832692,50.81
"238990",0.00899952634071891,2.69253954802232,1,1,0.275227545569371,55.03
"311111",0,0,0,0,0.184183638341485,44.32
"311119",0,0,0,0,0.265812676867081,53.19
"311211",0.00226303878743224,26.2337457701231,1,1,0.187402356656633,55.24
"311212",0,0,0,0,0.161663038952619,44
"311213",0,0,0,0,0.156037713669995,48.97
"311221",0,0,0,0,0.151169485201964,46.16
"311224",0,0,0,0,0.191739006418965,52.32
"311225",0,0,0,0,0.140419929679559,42.81
"311230",0,0,0,0,0.140735774828937,44.86
"311313",0,0,0,0,0.185490243073545,63.68
"311314",0,0,0,0,0.112731988327056,40.65
"311340",0,0,0,0,0.156628441266078,43.14
"311351",0,0,0,0,0.142168368928002,43.68
"311352",0.000105257618020104,0.560736483464956,1,0,0.177501876162225,42.81
"311411",0,0,0,0,0.182101492183671,59.24
"311412",0,0,0,0,0.170546895003969,46.59
"311421",0,0,0,0,0.202283337528175,48.32
"311422",0,0,0,0,0.13722447099196,42.16
"311423",0.0286827009104784,373.615559735895,1,1,0.19734988183451,67.03
"311511",0,0,0,0,0.182421778141456,46.16
"311512",0,0,0,0,0.135044549199809,47.35
"311513",0.0025261828324825,7.01480644114452,1,1,0.20569843764727,56.86
"311514",0,0,0,0,0.16279605668273,50.59
"311520",0,0,0,0,0.161206322895728,45.3
"311611",0,0,0,0,0.237998739271681,52.11
"311612",0.0265249197410663,29.9164280159599,1,1,0.235859696029796,55.14
"311613",0,0,0,0,0.157286056209687,41.41
"311615",0,0,0,0,0.192582728142748,42.59
"311710",0,0,0,0,0.150507573683392,38.49
"311811",0.000421030472080417,0.570854616819331,1,0,0.227029353118235,47.24
"311812",0,0,0,0,0.185097762162842,45.3
"311813",0,0,0,0,0.118067011830448,37.84
"311821",0,0,0,0,0.154986599968977,43.14
"311824",0,0,0,0,0.143512775458685,41.73
"311830",0,0,0,0,0.157042692247181,50.05
"311911",0,0,0,0,0.146196159954955,45.84
"311919",5.26288090100521e-05,0.184204512994657,1,0,0.15504811208791,43.57
"311920",0,0,0,0,0.183313517129035,46.59
"311930",0,0,0,0,0.111415297071826,39.35
"311941",0,0,0,0,0.151470909352138,45.08
"311942",0,0,0,0,0.15714200465096,47.24
"311991",0,0,0,0,0.156080456940376,47.14
"311999",0.000526288090100521,2.08288645633344,1,1,0.196059525327033,54.05
"312111",0,0,0,0,0.186485096054726,45.41
"312112",0,0,0,0,0.183723523436235,46.05
"312113",0,0,0,0,0.200156458261415,45.3
"312120",0,0,0,0,0.238361102821844,48.86
"312130",0,0,0,0,0.220288391525965,48.86
"312140",5.26288090100521e-05,0.331795955813963,1,0,0.193271981903081,46.05
"312230",0,0,0,0,0.134914652745096,40
"313110",0,0,0,0,0.140812951428869,35.89
"313210",0,0,0,0,0.151814662261791,38.27
"313220",0,0,0,0,0.120044298526912,28.86
"313230",0,0,0,0,0.131806940171501,33.62
"313240",0,0,0,0,0.120663637081102,35.89
"313310",0,0,0,0,0.176756097902401,42.59
"313320",0,0,0,0,0.128573620610213,34.92
"314110",0,0,0,0,0.124819661701028,28.32
"314120",5.26288090100521e-05,0.601054112566292,1,0,0.162897513053423,43.03
"314910",0.000526288090100521,3.72129876458663,1,1,0.214957140902901,51.89
"314994",0,0,0,0,0.145555832452429,40.32
"314999",5.26288090100521e-05,0.276090580024432,1,0,0.227283032617072,48.86
"315120",0,0,0,0,0.128453753738143,35.89
"315210",0,0,0,0,0.169087264685335,44
"315250",0,0,0,0,0.163679342140501,43.03
"315990",0,0,0,0,0.183595315587562,49.41
"316110",5.26288090100521e-05,2.29247625542526,1,1,0.203630666913189,55.14
"316210",0,0,0,0,0.167160733301277,46.16
"316990",0,0,0,0,0.204953665853054,48.11
"321113",0.00189463712436188,4.03126619152481,1,1,0.266063556592427,49.08
"321114",0,0,0,0,0.198982848043688,47.03
"321211",0,0,0,0,0.163660367631802,42.27
"321212",0,0,0,0,0.160046102515579,44
"321215",0,0,0,0,0.241863349775861,53.19
"321219",0.00284195568654281,34.5965404055476,1,1,0.179427303909305,52.32
"321911",0,0,0,0,0.192215319726553,46.92
"321912",0,0,0,0,0.200364984009005,45.73
"321918",5.26288090100521e-05,0.249707138461443,1,0,0.213754262041197,45.62
"321920",0.000105257618020104,0.263551462877018,1,0,0.250573597144054,46.7
"321991",0,0,0,0,0.174281386384641,48.22
"321992",0,0,0,0,0.213961457980064,48.54
"321999",0.000421030472080417,2.07286262408764,1,1,0.261730701318526,51.03
"322110",0,0,0,0,0.150090859924487,37.62
"322120",0,0,0,0,0.169263145437032,40.76
"322130",0,0,0,0,0.146905541247746,39.24
"322211",0,0,0,0,0.210053665524247,44
"322212",0,0,0,0,0.145199678070072,42.05
"322219",0,0,0,0,0.147603197517051,38.7
"322220",0,0,0,0,0.16685469148377,40.86
"322230",0,0,0,0,0.134581347540456,39.14
"322291",0,0,0,0,0.150793480442729,42.81
"322299",0,0,0,0,0.153939746275359,40.22
"323111",0.000157886427030156,0.104054553410592,1,0,0.214656369549719,47.57
"323113",5.26288090100521e-05,0.114197213983394,1,0,0.240298844185204,48.22
"323117",0,0,0,0,0.147642554359858,43.24
"323120",0,0,0,0,0.147574639431457,42.27
"324110",0,0,0,0,0.155496414660138,42.92
"324121",5.26288090100521e-05,0.512340982532634,1,0,0.199948144082384,41.62
"324122",0,0,0,0,0.136529800693369,40.22
"324191",0,0,0,0,0.137440794182294,36.54
"324199",0,0,0,0,0.124054254216096,32.76
"325110",0,0,0,0,0.137423815621799,36.11
"325120",0,0,0,0,0.155413957051184,43.46
"325130",0,0,0,0,0.124172340322532,36.22
"325180",0,0,0,0,0.175364417507378,40.86
"325193",0,0,0,0,0.192896557284304,53.51
"325194",0,0,0,0,0.135136344745499,38.38
"325199",0,0,0,0,0.171498114955262,42.59
"325211",0,0,0,0,0.173602951138194,37.62
"325212",0,0,0,0,0.133876815633139,36.65
"325220",0,0,0,0,0.133638336656203,32.65
"325311",5.26288090100521e-05,1.01701474051789,1,1,0.209265119090494,61.41
"325312",0,0,0,0,0.147833876299403,47.68
"325314",0,0,0,0,0.201208978003886,48.43
"325315",0,0,0,0,0.15478016553523,53.3
"325320",0.000842060944160834,10.3236401707145,1,1,0.175054131916945,56.54
"325411",0,0,0,0,0.164622217543378,48.86
"325412",0,0,0,0,0.146469120437248,44
"325413",0,0,0,0,0.116815403001226,40.97
"325414",0,0,0,0,0.129899830924061,47.35
"325510",0,0,0,0,0.17655098349283,41.3
"325520",0,0,0,0,0.133674708394807,38.7
"325611",0,0,0,0,0.151250555885663,37.73
"325612",0,0,0,0,0.145977875387621,38.81
"325613",0,0,0,0,0.112221188294148,29.95
"325620",0,0,0,0,0.148482148778365,44
"325910",0,0,0,0,0.118905837317367,35.03
"325920",0,0,0,0,0.130580499974334,34.59
"325991",0,0,0,0,0.145006603131762,36.22
"325992",0,0,0,0,0.144878937362435,42.59
"325998",5.26288090100521e-05,0.210893271135597,1,0,0.19562073173174,45.3
"326111",0,0,0,0,0.156964788953691,42.92
"326112",0,0,0,0,0.145549641571712,40.22
"326113",0,0,0,0,0.168639535515172,42.05
"326121",0,0,0,0,0.151774874243794,41.3
"326122",0,0,0,0,0.191320250426583,46.27
"326130",0,0,0,0,0.150941380026115,41.73
"326140",0,0,0,0,0.156951432863932,41.73
"326150",0,0,0,0,0.170594045721362,39.89
"326160",0,0,0,0,0.159153246156032,42.05
"326191",0,0,0,0,0.146484613333088,45.51
"326199",0,0,0,0,0.241454338100393,44.54
"326211",0,0,0,0,0.135320182223706,34.16
"326212",0,0,0,0,0.156850110648997,43.03
"326220",0,0,0,0,0.157117515836315,41.3
"326291",0,0,0,0,0.152551184315561,38.27
"326299",0,0,0,0,0.159331243388903,41.62
"327110",0,0,0,0,0.197112642366914,43.46
"327120",0,0,0,0,0.161545477538105,39.89
"327211",0,0,0,0,0.128077124023628,39.46
"327212",0,0,0,0,0.161948521623602,43.24
"327213",0,0,0,0,0.136769994946049,43.24
"327215",0,0,0,0,0.171151953752468,42.05
"327310",0,0,0,0,0.164396164627288,43.68
"327320",0.00099994737119099,1.61677017084528,1,1,0.285450600642758,51.78
"327331",0,0,0,0,0.203977269026907,46.59
"327332",0,0,0,0,0.152539888509242,45.73
"327390",0,0,0,0,0.230441823964209,49.95
"327410",0,0,0,0,0.14425460277901,41.08
"327420",0,0,0,0,0.134575942320494,42.27
"327910",0,0,0,0,0.141032686710269,37.73
"327991",0,0,0,0,0.233022664135576,48.65
"327992",0,0,0,0,0.145890450864997,36.32
"327993",0,0,0,0,0.161275833680529,41.19
"327999",0,0,0,0,0.160579217710415,42.27
"331110",0,0,0,0,0.160877722333161,37.95
"331210",0,0,0,0,0.161762010197823,38.16
"331221",0,0,0,0,0.15161966936741,37.73
"331222",0,0,0,0,0.14377060042234,38.92
"331313",0,0,0,0,0.129930854407103,36
"331314",0,0,0,0,0.130063553437559,37.95
"331315",0,0,0,0,0.137456332404735,33.95
"331318",0,0,0,0,0.149853001761993,41.3
"331410",0,0,0,0,0.13540447654297,41.73
"331420",0,0,0,0,0.147597686995322,37.95
"331491",0,0,0,0,0.13979133811563,40.11
"331492",0,0,0,0,0.131840528849742,37.19
"331511",0.000157886427030156,0.828172050389229,1,0,0.16974825835329,40
"331512",0,0,0,0,0.124374441123869,40.22
"331513",0,0,0,0,0.141781181951171,43.78
"331523",0,0,0,0,0.149280243057192,39.14
"331524",0,0,0,0,0.150637816162477,40.86
"331529",0.000736803326140729,9.68064965623804,1,1,0.165728767438957,51.57
"332111",0,0,0,0,0.152196930140113,36.32
"332112",0,0,0,0,0.128451784369237,41.62
"332114",0,0,0,0,0.144369354967654,45.08
"332117",0,0,0,0,0.123167846906964,35.89
"332119",0,0,0,0,0.180803613358661,39.46
"332215",0,0,0,0,0.160356249732573,43.35
"332216",0,0,0,0,0.172951460869322,42.49
"332311",0,0,0,0,0.227405820349998,49.84
"332312",0.0116835956002316,20.2119379399918,1,1,0.253765100059775,51.57
"332313",0.00415767591179412,14.716141965904,1,1,0.235189761236809,51.35
"332321",5.26288090100521e-05,0.134137814699864,1,0,0.189246845577237,44.86
"332322",5.26288090100521e-05,0.0783883147857713,1,0,0.23084701214909,47.03
"332323",0.000210515236040208,0.795705982151941,1,0,0.217819013076077,50.05
"332410",0,0,0,0,0.144260002427527,38.7
"332420",0.000894689753170886,4.01871501060557,1,1,0.219190265535092,51.78
"332431",0,0,0,0,0.148608409344584,41.84
"332439",0,0,0,0,0.153485053459033,42.49
"332510",0,0,0,0,0.159101606091752,40.76
"332613",0,0,0,0,0.139850186543148,41.3
"332618",0,0,0,0,0.180519395752638,42.7
"332710",0.00147360665228146,0.957764021557162,1,0,0.261380998088599,44.54
"332721",0.000105257618020104,0.464354800668702,1,0,0.178442963033318,42.49
"332722",0,0,0,0,0.140245267801607,36.11
"332811",0,0,0,0,0.143770831090997,37.3
"332812",0,0,0,0,0.202104602315626,43.14
"332813",0,0,0,0,0.177643220447292,39.57
"332911",0,0,0,0,0.155610413961747,39.57
"332912",0,0,0,0,0.147469091758092,39.03
"332913",0,0,0,0,0.137807567310799,40.54
"332919",0,0,0,0,0.148916169223523,40.97
"332991",0,0,0,0,0.130958108274489,35.14
"332992",0,0,0,0,0.164163990383505,48.86
"332993",0,0,0,0,0.129753132031819,30.49
"332994",0,0,0,0,0.162558696637744,44.54
"332996",0,0,0,0,0.176025830731832,40.11
"332999",0.000105257618020104,0.207638111897972,1,0,0.229583831644638,47.57
"333111",0.0329456344402926,85.9494877936074,1,1,0.25156702588995,58.81
"333112",0,0,0,0,0.153295734739326,44.54
"333120",5.26288090100521e-05,0.120100667289068,1,0,0.19776104761821,46.05
"333131",5.26288090100521e-05,0.946018764096915,1,0,0.166249031743045,42.38
"333132",0.000157886427030156,0.581129807073934,1,0,0.179757241196061,44.11
"333241",5.26288090100521e-05,0.433700008235411,1,0,0.177875311737316,49.84
"333242",0,0,0,0,0.129599187171843,50.49
"333243",0,0,0,0,0.1743540843329,41.3
"333248",5.26288090100521e-05,0.128916757640051,1,0,0.208100658072538,45.62
"333310",0.00099994737119099,1.94942137029072,1,1,0.198767098552219,50.7
"333413",0,0,0,0,0.158022831618555,40.97
"333414",0,0,0,0,0.158267273848694,43.03
"333415",0,0,0,0,0.176896981557737,43.03
"333511",0,0,0,0,0.179756824666938,43.03
"333514",0,0,0,0,0.204012877564766,43.46
"333515",0,0,0,0,0.165818156369081,40
"333517",0,0,0,0,0.189634993134664,42.16
"333519",0.000315772854060313,4.79753702677979,1,1,0.158034468896273,50.27
"333611",0,0,0,0,0.14005326713976,37.19
"333612",0,0,0,0,0.130769005943704,38.38
"333613",0,0,0,0,0.139204492369647,38.49
"333618",0,0,0,0,0.142474573083348,35.03
"333912",0,0,0,0,0.15148961705557,39.68
"333914",0,0,0,0,0.17505867527608,43.57
"333921",0,0,0,0,0.128585547296567,38.05
"333922",0,0,0,0,0.183610405409684,42.7
"333923",0,0,0,0,0.153456788510809,44
"333924",0,0,0,0,0.159706481456622,41.95
"333991",0,0,0,0,0.12990310159551,35.03
"333992",0,0,0,0,0.158537710787812,42.05
"333993",0,0,0,0,0.154199034310182,42.81
"333994",0,0,0,0,0.127885636327937,35.78
"333995",0,0,0,0,0.154638181603715,41.3
"333996",0,0,0,0,0.143112528543693,41.41
"333998",5.26288090100521e-05,0.188670696818884,1,0,0.181200975321997,41.3
"334111",0,0,0,0,0.111013120672072,42.38
"334112",5.26288090100521e-05,0.661605969150637,1,0,0.102286306430431,40.22
"334118",0,0,0,0,0.133489539717768,44.97
"334210",0,0,0,0,0.117379654225951,43.35
"334220",0,0,0,0,0.138237226479943,41.19
"334290",0,0,0,0,0.126847133382666,41.19
"334310",0,0,0,0,0.127556334103592,44.22
"334412",0,0,0,0,0.119325548054212,41.62
"334413",0,0,0,0,0.130237718039292,47.57
"334416",0,0,0,0,0.131883504908813,38.49
"334417",0,0,0,0,0.123376660681325,38.27
"334418",0,0,0,0,0.153569870295806,45.84
"334419",0,0,0,0,0.161233569260546,43.89
"334510",0,0,0,0,0.115745413309717,40.97
"334511",0,0,0,0,0.132492306928838,44.43
"334512",0,0,0,0,0.141777239624453,41.41
"334513",0,0,0,0,0.171624988660613,42.38
"334514",0,0,0,0,0.131344321055106,42.27
"334515",0.000210515236040208,1.00547865353848,1,1,0.160890308595602,55.03
"334516",0,0,0,0,0.134280463332897,46.49
"334517",0,0,0,0,0.0996504857773503,40.11
"334519",0,0,0,0,0.150315455768384,43.57
"334610",0,0,0,0,0.126483710252948,44.76
"335131",0,0,0,0,0.146219111300151,43.89
"335132",0,0,0,0,0.141896406761766,41.08
"335139",0,0,0,0,0.132524209469893,38.81
"335210",0,0,0,0,0.144385951460908,42.59
"335220",0,0,0,0,0.139890784080096,38.81
"335311",0,0,0,0,0.141566178731611,37.84
"335312",0,0,0,0,0.163505186888194,42.81
"335313",0,0,0,0,0.154652423320998,41.73
"335314",0,0,0,0,0.156501558441432,42.16
"335910",0,0,0,0,0.138861035780389,37.19
"335921",0,0,0,0,0.1182764792619,38.05
"335929",0,0,0,0,0.133337652091919,41.19
"335931",0,0,0,0,0.144548128102234,37.19
"335932",0,0,0,0,0.128598151777963,37.62
"335991",0,0,0,0,0.124981350891412,37.84
"335999",0,0,0,0,0.160395672883462,40.43
"336110",0,0,0,0,0.118408543399612,34.27
"336120",0,0,0,0,0.139450142949415,40.43
"336211",0,0,0,0,0.190890080735902,43.24
"336212",0,0,0,0,0.203710436082466,48.43
"336213",0,0,0,0,0.14389386874016,42.05
"336214",0.00136834903426135,5.36013525975257,1,1,0.205467019281429,57.84
"336310",0,0,0,0,0.186174119814611,40.54
"336320",0,0,0,0,0.165895516629534,37.95
"336330",0,0,0,0,0.148285714153255,36.54
"336340",0,0,0,0,0.124279756535139,30.49
"336350",0,0,0,0,0.154432734191599,35.68
"336360",0,0,0,0,0.154535350305163,38.92
"336370",0,0,0,0,0.157489503414126,37.3
"336390",0.000105257618020104,0.118179229882161,1,0,0.202401936161335,41.51
"336411",0,0,0,0,0.144397015014266,44.65
"336412",0,0,0,0,0.137758303703902,36.22
"336413",0,0,0,0,0.166946841678312,44.65
"336414",0,0,0,0,0.115002339166006,49.41
"336415",0,0,0,0,0.127886657371378,45.62
"336419",0,0,0,0,0.103683856758434,36.11
"336510",0,0,0,0,0.14501876506778,37.95
"336611",0,0,0,0,0.15182255984092,42.16
"336612",0,0,0,0,0.193715082257843,46.49
"336991",0,0,0,0,0.150962839377727,48
"336992",0,0,0,0,0.115971301850913,37.3
"336999",0,0,0,0,0.164868620286865,43.03
"337110",0.00110520498921109,1.51255163379927,1,1,0.264793029136379,55.35
"337121",0,0,0,0,0.147562334599863,38.16
"337122",0.000105257618020104,0.613288544016303,1,0,0.220559661065789,49.3
"337126",0,0,0,0,0.15525233869378,43.03
"337127",0,0,0,0,0.168619917689202,42.7
"337211",0,0,0,0,0.151516894501845,42.49
"337212",0,0,0,0,0.190872804884373,47.14
"337214",0,0,0,0,0.128951887560786,38.81
"337215",0,0,0,0,0.167146965513476,41.3
"337910",0,0,0,0,0.14842403581617,40.22
"337920",0,0,0,0,0.140307029312649,44.11
"339112",5.26288090100521e-05,0.0643982028864064,1,0,0.142702911737994,43.24
"339113",5.26288090100521e-05,0.0893912286906929,1,0,0.170645159491426,41.73
"339114",5.26288090100521e-05,0.538630304362818,1,0,0.126219991882597,42.49
"339115",0,0,0,0,0.134354155996498,41.62
"339116",0.000421030472080417,1.48328523086567,1,1,0.206531827483227,51.68
"339910",0.000947318562180938,6.21063631198999,1,1,0.193778530021277,56.32
"339920",0.00026314404505026,0.922801244640101,1,0,0.219166737039221,49.41
"339930",5.26288090100521e-05,0.652245839201755,1,0,0.173298566994285,42.7
"339940",0,0,0,0,0.148293989746813,42.16
"339950",0.000157886427030156,0.30574159563924,1,0,0.2325088477515,47.35
"339991",0,0,0,0,0.153556043422415,38.81
"339992",0,0,0,0,0.167637110892918,44.54
"339993",0,0,0,0,0.115375417550429,35.46
"339994",0,0,0,0,0.136641800828035,37.62
"339995",0,0,0,0,0.143083223159911,35.46
"339999",0.000210515236040208,0.458672898009568,1,0,0.221215971432105,46.92
"423110",0.00299984211357297,3.67815896163964,1,1,0.242008676686069,52.11
"423120",0.00152623546129151,1.442881907059,1,1,0.225624441007054,51.03
"423130",0,0,0,0,0.192759667025465,44.76
"423140",0,0,0,0,0.232795295532436,47.24
"423210",0,0,0,0,0.14215812048601,39.89
"423220",0.000631545708120625,1.7379768208023,1,1,0.16101781268689,48.32
"423310",0.000894689753170886,1.33733187191084,1,1,0.230609058503067,52.97
"423320",0.000105257618020104,0.267848769409879,1,0,0.213981608397089,48.65
"423330",0.000526288090100521,1.93102438892296,1,1,0.215836976709481,51.57
"423390",0.000789432135150782,3.66608102757681,1,1,0.21865436102886,54.49
"423410",0,0,0,0,0.124364793137724,40.43
"423420",0,0,0,0,0.171332216803076,42.92
"423430",0,0,0,0,0.118434270395871,41.84
"423440",0.000421030472080417,1.22684362379766,1,1,0.177347174920847,49.3
"423450",0.000157886427030156,0.0861694491505792,1,0,0.140573453623813,42.59
"423460",0,0,0,0,0.133790185689092,40.54
"423490",0,0,0,0,0.157769557369613,47.35
"423510",0,0,0,0,0.216834779979321,44.97
"423520",0,0,0,0,0.145321527634721,37.08
"423610",0.000368401663070365,0.31875473912269,1,0,0.217785525629839,46.7
"423620",0,0,0,0,0.140849403075435,44.76
"423690",0.000105257618020104,0.127702821786712,1,0,0.129045849565959,40.76
"423710",0,0,0,0,0.186175373061586,44.97
"423720",5.26288090100521e-05,0.0748473597948365,1,0,0.239990692819309,51.46
"423730",0.000315772854060313,0.644004631069204,1,0,0.176236738451717,41.62
"423740",0,0,0,0,0.175284560397505,44.65
"423810",5.26288090100521e-05,0.0836485560062718,1,0,0.249778158021419,48.22
"423820",0.00499973685595495,7.34002465450704,1,1,0.304733410213048,55.89
"423830",0.000105257618020104,0.0523001366674945,1,0,0.216329374014056,45.3
"423840",5.26288090100521e-05,0.08370961390352,1,0,0.229553091060671,46.81
"423850",0.000315772854060313,0.939511867782958,1,0,0.224553804431158,47.68
"423860",0,0,0,0,0.179951641794639,44.86
"423910",5.26288090100521e-05,0.140725986658464,1,0,0.207535718417907,48.43
"423920",0,0,0,0,0.151868925960112,45.84
"423930",0.000210515236040208,0.334820125877903,1,0,0.263325931267144,44.43
"423940",0,0,0,0,0.146106727806785,43.68
"423990",0.000105257618020104,0.189584955813646,1,0,0.204918756144323,45.51
"424110",0,0,0,0,0.135731372970895,41.19
"424120",0,0,0,0,0.167298306107778,43.46
"424130",0,0,0,0,0.173859616725412,43.68
"424210",0,0,0,0,0.139591873605605,45.08
"424310",0,0,0,0,0.137924916407006,38.27
"424340",5.26288090100521e-05,0.395554452626191,1,0,0.129384769104025,42.16
"424350",0.000315772854060313,0.551208017195755,1,0,0.139434785777423,40.97
"424410",0,0,0,0,0.195768433227107,45.41
"424420",0.0012104626072312,5.71681258721989,1,1,0.170825098720213,50.38
"424430",0,0,0,0,0.202739063769767,47.89
"424440",0,0,0,0,0.16286973289604,45.19
"424450",0.000421030472080417,1.08773370967003,1,1,0.266934087280412,53.08
"424460",0,0,0,0,0.15062490288755,44.86
"424470",0,0,0,0,0.180356322569519,49.95
"424480",0.0169464765012368,29.4693630837762,1,1,0.18677543311988,57.19
"424490",0.000894689753170886,0.611349765840129,1,0,0.248998879938888,50.49
"424510",5.26288090100521e-05,0.221670290282495,1,0,0.268504019481131,53.73
"424520",0.0024209252144624,25.9277839167996,1,1,0.275765912066904,57.08
"424590",5.26288090100521e-05,0.527724473638877,1,0,0.214367610421012,53.41
"424610",0.00026314404505026,1.45502108894152,1,1,0.17453879997432,48.22
"424690",0,0,0,0,0.223487921969001,45.19
"424710",5.26288090100521e-05,0.261061661617161,1,0,0.272394104000403,48.22
"424720",0.00026314404505026,0.669680577396158,1,0,0.270047734082203,49.62
"424810",0,0,0,0,0.250673644404968,47.89
"424820",0,0,0,0,0.163128824327881,44.76
"424910",0.00668385874427662,9.4422177385952,1,1,0.304632208711939,57.19
"424920",0,0,0,0,0.154023393407693,40.22
"424930",5.26288090100521e-05,0.181231653086776,1,0,0.197767600751753,47.14
"424940",0,0,0,0,0.175917837403958,41.3
"424950",0,0,0,0,0.179042942826753,44.86
"424990",0.00026314404505026,0.502419962882484,1,0,0.18344927967438,45.51
"425120",0.00026314404505026,0.0919363111419163,1,0,0.14089170866568,40.97
"441110",0.00105257618020104,0.16421197094337,1,0,0.277421779144234,45.73
"441120",0.000684174517130677,0.57417026359505,1,0,0.27362169356423,47.24
"441210",0.00284195568654281,8.92636995022507,1,1,0.267944827033695,52.76
"441222",5.26288090100521e-05,0.220244141881407,1,0,0.243656541927448,47.78
"441227",0.000684174517130677,1.42728683346403,1,1,0.288150224363649,50.92
"441330",0.00247355402347245,1.05073341306727,1,1,0.293398919761311,49.19
"441340",0.00168412188832167,1.48077149242818,1,1,0.288132530055167,49.62
"444110",0.000684174517130677,0.162085091643479,1,0,0.281761948193324,44.97
"444120",0,0,0,0,0.267155811844967,47.35
"444140",0.00110520498921109,1.05101842464459,1,1,0.300060416204384,50.7
"444180",0.00126309141624125,0.817293129757453,1,0,0.271708335231814,47.89
"444230",0.000210515236040208,1.07546112290383,1,1,0.27006337531416,45.51
"444240",0.00378927424872375,3.91651465450374,1,1,0.299568503162339,50.16
"445110",0.0127361717804326,0.838675848509529,1,0,0.269498446615463,47.89
"445131",0.000105257618020104,0.102439021378977,1,0,0.246977963278091,47.68
"445132",0,0,0,0,0.233926258860473,42.92
"445230",5.26288090100521e-05,0.231778540641485,1,0,0.203551229759736,45.51
"445240",0.000473659281090469,1.26589310818997,1,1,0.26710655562736,52.76
"445250",0,0,0,0,0.183767685344944,44.11
"445291",0.000421030472080417,2.98054496624142,1,1,0.215331468049342,51.57
"445292",0.00026314404505026,1.91454298293236,1,1,0.222145124469083,52.54
"445298",0.000947318562180938,1.72262136248319,1,1,0.267533668254109,54.92
"445320",0,0,0,0,0.265369690077841,45.3
"449110",0.000684174517130677,0.574101169035343,1,0,0.267359609353225,47.57
"449121",5.26288090100521e-05,0.122365690010295,1,0,0.276841502697988,48.76
"449122",0,0,0,0,0.19908252426696,50.7
"449129",0.000421030472080417,0.529571195163571,1,0,0.207289541792692,48.11
"449210",0.00142097784327141,0.605215882235559,1,0,0.219156212983715,48
"455110",0,0,0,0,0.227588671637745,45.41
"455211",0.0183674543445082,1.90436757796141,1,1,0.294720628020079,49.08
"455219",0.000368401663070365,0.102735055708744,1,0,0.293269490878004,45.84
"456110",0.00257881164149255,0.628568963943286,1,0,0.263944922909866,43.03
"456120",0.000157886427030156,0.130995525784759,1,0,0.228856952885273,45.84
"456130",0,0,0,0,0.205262036536097,45.62
"456191",5.26288090100521e-05,0.167686978619167,1,0,0.255268974486795,52
"456199",0.000157886427030156,0.346887854439348,1,0,0.250782622081971,48.11
"457110",0.0117362244092416,2.26729442665688,1,1,0.300645685636582,49.62
"457120",5.26288090100521e-05,0.0956692524787992,1,0,0.274904107085942,48.43
"457210",0.000473659281090469,1.10168794470783,1,1,0.281442689670893,49.62
"458110",0.00199989474238198,0.392275593869574,1,0,0.201452027042753,46.7
"458210",0,0,0,0,0.196196877766255,44.11
"458310",0.000473659281090469,0.591715944561622,1,0,0.231318024733663,47.78
"458320",0.000105257618020104,1.48190760365238,1,1,0.17270062035249,54.05
"459110",0.00173675069733172,0.980910964357661,1,0,0.261219671668272,47.57
"459120",0.000526288090100521,0.634039625305765,1,0,0.257051474268174,46.16
"459130",0.000157886427030156,0.668450999942578,1,0,0.26703357092675,48.32
"459140",0,0,0,0,0.217232086078141,45.62
"459210",0.000315772854060313,0.734341055285699,1,0,0.242275621868844,46.7
"459310",0.00026314404505026,0.600754994513468,1,0,0.276559154851865,48.22
"459410",5.26288090100521e-05,0.132927019722278,1,0,0.25744294538242,47.89
"459420",0,0,0,0,0.249493103478625,49.19
"459510",0.0012104626072312,0.821108034705678,1,0,0.267195157517359,48.54
"459910",5.26288090100521e-05,0.0650433171753104,1,0,0.239450993839621,48.32
"459920",0,0,0,0,0.216709256815341,51.57
"459930",0,0,0,0,0.269471069456135,46.81
"459991",0.00026314404505026,0.275215984539408,1,0,0.281578262607773,47.68
"459999",0.00126309141624125,0.979918822345729,1,0,0.250686728889308,49.84
"481111",0,0,0,0,0.106332111011863,43.03
"481112",0,0,0,0,0.122156429060596,43.14
"481211",5.26288090100521e-05,0.201814561685259,1,0,0.176242543102918,44.22
"481212",0,0,0,0,0.139340931098506,44.32
"481219",0,0,0,0,0.173557529260926,48.22
"482110",0.00289458449555287,2.35813903375371,1,1,0.283698615983464,50.27
"483111",0,0,0,0,0.116127883511666,41.95
"483112",0,0,0,0,0.110479940145829,42.92
"483113",0,0,0,0,0.127640357912615,41.3
"483114",0,0,0,0,0.132684515321049,41.73
"483211",0,0,0,0,0.141798104317814,37.41
"483212",0,0,0,0,0.143939303081316,44.43
"484110",0.00552602494605547,2.53281023747952,1,1,0.26984830130935,54.49
"484121",0.00899952634071891,2.35293432638263,1,1,0.282382919532556,53.62
"484122",0.000315772854060313,0.198498968127592,1,0,0.222147553333742,46.38
"484210",0.000631545708120625,1.105948744719,1,1,0.22194504808273,51.78
"484220",0.00468396400189464,3.36066053293187,1,1,0.297600211086343,53.19
"484230",0.000736803326140729,0.920315121657206,1,0,0.26365559114956,50.16
"485111",0,0,0,0,0.107354264555229,36.54
"485112",0,0,0,0,0.100764412676382,43.78
"485113",0,0,0,0,0.16093516385402,44.22
"485119",0,0,0,0,0.116201646718642,46.38
"485210",0,0,0,0,0.161841622156115,42.59
"485310",5.26288090100521e-05,0.0726675007660165,1,0,0.160723428031897,45.19
"485320",0,0,0,0,0.123490665808545,44.32
"485410",0.0024209252144624,2.07716803731652,1,1,0.22906301804051,49.84
"485510",0.0013157202252513,9.70270524790799,1,1,0.20659338115803,50.59
"485991",0.000684174517130677,1.50694121831494,1,1,0.228376220263334,52.86
"485999",0.000105257618020104,0.432137254149073,1,0,0.198291213739775,45.84
"486110",0,0,0,0,0.176209286281582,43.78
"486210",0,0,0,0,0.232024858549715,45.08
"486910",0,0,0,0,0.170394100123462,45.84
"486990",0,0,0,0,0.147530289115685,46.7
"487110",0,0,0,0,0.179518888298394,48.65
"487210",0,0,0,0,0.181063757391151,45.19
"487990",5.26288090100521e-05,2.91809477551269,1,1,0.174345827310743,57.19
"488111",0,0,0,0,0.161814264850678,42.81
"488119",0,0,0,0,0.148467365186579,48.54
"488190",5.26288090100521e-05,0.0620023651700472,1,0,0.20048980214379,48.11
"488210",0,0,0,0,0.203715735816048,44.32
"488310",0,0,0,0,0.136044596103052,37.84
"488320",0,0,0,0,0.139901616580677,41.3
"488330",0,0,0,0,0.151008321418298,40.86
"488390",0,0,0,0,0.153677616661774,42.81
"488410",0.0013157202252513,2.59506527601486,1,1,0.2689197121627,51.03
"488490",0.000105257618020104,0.405762365901324,1,0,0.202619444388212,48.43
"488510",0.000473659281090469,0.279992708655441,1,0,0.149094054590199,42.27
"488991",0,0,0,0,0.16657208046277,45.62
"488999",0,0,0,0,0.169973884673794,45.95
"491110",0,0,0,0,0.207904078829897,51.46
"492110",0.000894689753170886,0.15532684892458,1,0,0.208255637162705,46.27
"492210",0.000473659281090469,0.340024006917838,1,0,0.171954227292409,47.68
"493110",5.26288090100521e-05,0.00519483849196462,1,0,0.199121309135261,44.43
"493120",5.26288090100521e-05,0.123737136343811,1,0,0.210125618940921,52.32
"493130",0.000736803326140729,11.9827278327238,1,1,0.243341733658799,59.14
"493190",0,0,0,0,0.190953368533187,44
"512110",0.000105257618020104,0.0657855806784852,1,0,0.11097993694918,47.24
"512120",0,0,0,0,0.119050654167446,41.84
"512131",0,0,0,0,0.27415298999309,52.11
"512132",0,0,0,0,0.18878865357035,45.3
"512191",0,0,0,0,0.123554485763442,44.22
"512199",0,0,0,0,0.127194253884878,43.35
"512230",0,0,0,0,0.13326191575831,42.92
"512240",0,0,0,0,0.167783154536125,45.51
"512250",0,0,0,0,0.131311279454545,40.11
"512290",0,0,0,0,0.155543369287705,46.59
"513110",5.26288090100521e-05,0.0982353064385113,1,0,0.27936192679408,47.78
"513120",0,0,0,0,0.165274260315471,46.16
"513130",0,0,0,0,0.145444221541881,41.95
"513140",0,0,0,0,0.145403848455345,42.05
"513191",0,0,0,0,0.115802029807649,43.24
"513199",0.000105257618020104,0.416171012665542,1,0,0.132110480443251,43.35
"513210",0.000421030472080417,0.114879651074662,1,0,0.113955830413572,44.22
"516110",0,0,0,0,0.279426538090546,46.7
"516120",0,0,0,0,0.188976326832559,45.95
"516210",0.000105257618020104,0.0763287767100001,1,0,0.133114740990467,46.05
"517111",0.000105257618020104,0.0395684106813127,1,0,0.228196336466879,49.08
"517112",0.000105257618020104,0.210243253490963,1,0,0.222051480939081,46.16
"517121",0,0,0,0,0.187101778965334,45.3
"517410",0,0,0,0,0.150291535198993,45.51
"517810",0,0,0,0,0.163842633554647,44.11
"518210",0.000105257618020104,0.0366895213069469,1,0,0.12757551163824,41.84
"519210",0,0,0,0,0.187841186838436,42.38
"519290",0.000105257618020104,0.112751661864001,1,0,0.108081391166781,41.51
"521110",0,0,0,0,0.113642426296548,39.57
"522110",0.00342087258565339,0.430891555843451,1,0,0.263576206092432,48.11
"522130",0.00226303878743224,1.26591793222534,1,1,0.270494345530616,50.7
"522180",0.000315772854060313,0.56927246807317,1,0,0.23657010228413,46.27
"522210",0,0,0,0,0.108484724908686,44.65
"522220",5.26288090100521e-05,0.107228728076343,1,0,0.150467405232416,44.86
"522291",0.000421030472080417,0.792655324733464,1,0,0.254080210074182,45.51
"522292",5.26288090100521e-05,0.0497103363922208,1,0,0.160693975223008,49.3
"522299",0.000736803326140729,1.4165502369941,1,1,0.245195879799253,53.3
"522310",0.000105257618020104,0.209370028736336,1,0,0.139673857824826,46.81
"522320",0,0,0,0,0.13383600649106,44.54
"522390",0.000157886427030156,0.363845674888767,1,0,0.153424256914069,43.46
"523150",0.000421030472080417,0.159564672490945,1,0,0.101507156491252,39.57
"523160",5.26288090100521e-05,0.328610980845012,1,0,0.167871683305785,50.7
"523210",0,0,0,0,0.14133890058242,45.3
"523910",0,0,0,0,0.1701669346247,46.92
"523940",0.000421030472080417,0.124482571121313,1,0,0.114500779958488,43.24
"523991",0,0,0,0,0.177996478972523,46.81
"523999",0,0,0,0,0.144740623916989,44.97
"524113",0,0,0,0,0.127363146402909,37.3
"524114",0.000157886427030156,0.0557246631990987,1,0,0.141507276460497,43.57
"524126",5.26288090100521e-05,0.0183614657451305,1,0,0.157242799487662,45.62
"524127",0.00431556233882427,11.849238901959,1,1,0.224451426973941,57.73
"524128",0.0012104626072312,9.3837892741083,1,1,0.150132296052476,50.92
"524130",0,0,0,0,0.11386249486226,35.89
"524210",0.0061575706541761,0.777029758195318,1,0,0.202399445514114,48.43
"524291",0.000157886427030156,0.360674999969017,1,0,0.183596842369771,46.92
"524292",0.000210515236040208,0.15442344630372,1,0,0.157968688792213,45.84
"524298",0.000157886427030156,0.244994970070549,1,0,0.153185835195577,45.84
"525110",0,0,0,0,0.133954174810431,44.32
"525120",0,0,0,0,0.132258564834402,41.84
"525190",0,0,0,0,0.145398187938237,43.46
"525910",0,0,0,0,0.135335657457518,45.62
"525920",0,0,0,0,0.187094980619208,48.11
"525990",0,0,0,0,0.134805182919782,46.49
"531110",0.00231566759644229,0.761110069884466,1,0,0.204830724871376,45.19
"531120",0.000526288090100521,0.37422763989802,1,0,0.179542480482839,44.22
"531130",0.000631545708120625,0.985506428889589,1,0,0.25367605087182,52.11
"531190",0.000157886427030156,0.408566189511558,1,0,0.272968212336264,52.86
"531210",0.00147360665228146,0.461018890941045,1,0,0.208957735957434,53.51
"531311",0.00026314404505026,0.0795537629002352,1,0,0.189883234979574,49.51
"531312",0,0,0,0,0.148586707499077,44
"531320",0.000368401663070365,2.03599625335203,1,1,0.250958128805708,52.86
"531390",0.00099994737119099,1.35788140426745,1,1,0.178326285396123,54.38
"532111",0,0,0,0,0.18732651956135,47.24
"532112",0,0,0,0,0.12407142564717,38.16
"532120",0,0,0,0,0.197119265021705,44.86
"532210",0,0,0,0,0.23864625892474,43.35
"532281",0,0,0,0,0.178305271556622,46.49
"532282",0.000157886427030156,9.60679578451506,1,1,0.187475093870839,52.86
"532283",0.000105257618020104,0.552996592882185,1,0,0.261272834972842,45.73
"532284",5.26288090100521e-05,0.431355022531002,1,0,0.219139937070433,51.57
"532289",0.000157886427030156,0.42672707984055,1,0,0.26596355997472,46.59
"532310",5.26288090100521e-05,0.286604291468929,1,0,0.257766757539099,49.08
"532411",0,0,0,0,0.163680208784408,43.68
"532412",0.000105257618020104,0.18481678399331,1,0,0.230366335360782,47.24
"532420",0.000157886427030156,2.48968520331394,1,1,0.155925005332337,50.27
"532490",0.000526288090100521,1.07522794625459,1,1,0.19735059598547,51.03
"533110",5.26288090100521e-05,0.408790713104838,1,0,0.152581305441692,44.54
"541110",0.00226303878743224,0.306603519183447,1,0,0.122857976996401,42.05
"541191",5.26288090100521e-05,0.141285111097263,1,0,0.261594654675817,48.76
"541199",0,0,0,0,0.15032708023601,44.32
"541211",0.00147360665228146,0.462031322893014,1,0,0.17063650246191,47.24
"541213",0.000894689753170886,1.07236838004141,1,1,0.265268493694622,53.19
"541214",0.00026314404505026,0.196190379918651,1,0,0.15645737950395,46.16
"541219",0.00278932687753276,1.20012036704272,1,1,0.235141554349314,56.65
"541310",0.000157886427030156,0.12283150696256,1,0,0.153557796867466,45.95
"541320",0.000157886427030156,0.525598096525143,1,0,0.213570158562809,50.49
"541330",0.00163149307931162,0.235318852700923,1,0,0.168867967075957,44.65
"541340",5.26288090100521e-05,0.52699695411637,1,0,0.251772105212822,53.84
"541350",0.000157886427030156,0.74645991328476,1,0,0.224887582374903,49.95
"541360",0.000315772854060313,3.60750637953151,1,1,0.211957536520122,51.46
"541370",0.000105257618020104,0.30511456896511,1,0,0.251142108299756,50.7
"541380",0.000157886427030156,0.153919761111279,1,0,0.195066739423445,45.95
"541410",0.000105257618020104,0.1600085454408,1,0,0.174078446004492,49.3
"541420",0,0,0,0,0.158829527548568,44.32
"541430",0.000631545708120625,0.863413690616756,1,0,0.191175140961997,49.19
"541490",5.26288090100521e-05,0.293330241845826,1,0,0.156836417053706,47.57
"541511",0.00178937950634177,0.269008806872248,1,0,0.118620587734464,43.35
"541512",0.000421030472080417,0.0608434328494009,1,0,0.119446451439814,39.46
"541513",0,0,0,0,0.163564226167623,46.16
"541519",5.26288090100521e-05,0.0616759996384065,1,0,0.147883223926381,43.35
"541611",0.00184200831535182,0.319674368577452,1,0,0.122603495856644,42.38
"541612",0,0,0,0,0.125480501129389,39.46
"541613",0.00226303878743224,0.98619356964575,1,0,0.136913809391284,48.86
"541614",5.26288090100521e-05,0.0512673087732707,1,0,0.168885320503547,42.27
"541618",0.000105257618020104,0.122856453826999,1,0,0.148468673279777,47.03
"541620",0.000157886427030156,0.227628479106106,1,0,0.20128356066007,46.92
"541690",0.000789432135150782,0.51464977417045,1,0,0.185829789416115,48
"541713",0,0,0,0,0.127972569948235,44
"541714",5.26288090100521e-05,0.0315564107762513,1,0,0.117074777296551,43.89
"541715",0.00126309141624125,0.394951371610503,1,0,0.139069448527059,44
"541720",0.000105257618020104,0.260339381513085,1,0,0.143888071035403,40.32
"541810",0.000157886427030156,0.114182053950175,1,0,0.110994855605517,41.84
"541820",0,0,0,0,0.11814173188002,44.43
"541830",0,0,0,0,0.108965936358963,36.32
"541840",0,0,0,0,0.146223236409995,44.76
"541850",0,0,0,0,0.18009730987003,44.43
"541860",0,0,0,0,0.123286033485801,37.08
"541870",5.26288090100521e-05,0.479486253486562,1,0,0.165580936950865,46.81
"541890",0,0,0,0,0.15795904699645,47.14
"541910",0,0,0,0,0.132727933224769,47.03
"541921",0.000210515236040208,0.631254148049325,1,0,0.228604099478198,49.3
"541922",0,0,0,0,0.189711481128576,49.95
"541930",0,0,0,0,0.137131002548503,47.57
"541940",0.0026314404505026,0.941645520721652,1,0,0.271956630303208,48.43
"541990",0.000947318562180938,0.469992570590501,1,0,0.17567406030539,46.59
"551111",0,0,0,0,0.181997491684335,48.65
"551112",0.000105257618020104,0.20630971731663,1,0,0.175557887555327,42.27
"551114",0.000315772854060313,0.0218758739789286,1,0,0.162607259988381,41.3
"561110",0.000421030472080417,0.112511412408974,1,0,0.182646336261682,45.3
"561210",5.26288090100521e-05,0.0509606121957434,1,0,0.205332174506901,44.32
"561311",0.000105257618020104,0.0720494594946589,1,0,0.151282034386496,40
"561312",5.26288090100521e-05,0.209832124378745,1,0,0.1357036120323,43.14
"561320",0.000368401663070365,0.0244845491216461,1,0,0.193721820240142,43.46
"561330",5.26288090100521e-05,0.0215219124583305,1,0,0.180946223966303,44.65
"561410",0.000315772854060313,0.849214603990548,1,0,0.189081883863816,46.38
"561421",0,0,0,0,0.188729531602082,45.73
"561422",0.000894689753170886,0.475604253190749,1,0,0.19984355438912,48.65
"561431",0,0,0,0,0.227806893155332,49.84
"561439",0,0,0,0,0.159477975585801,46.59
"561440",0,0,0,0,0.192683392671501,46.7
"561450",0,0,0,0,0.12316337822107,40.97
"561491",0.000315772854060313,5.5418242067121,1,1,0.203816146408882,52.22
"561492",0.000210515236040208,1.60977145663234,1,1,0.224037607927553,53.95
"561499",0.000684174517130677,1.15025093948977,1,1,0.168809038810555,50.81
"561510",5.26288090100521e-05,0.0893616251980859,1,0,0.15859913497072,48.54
"561520",0,0,0,0,0.170887324685893,48.22
"561591",0,0,0,0,0.230624293011608,47.68
"561599",0,0,0,0,0.157516198570452,47.68
"561611",0.000105257618020104,0.380913411563467,1,0,0.17307256801499,43.57
"561612",0.00163149307931162,0.344984709326499,1,0,0.14541199184339,43.46
"561613",0,0,0,0,0.169667703977718,45.95
"561621",0.000157886427030156,0.182982328493216,1,0,0.175201453597078,45.51
"561622",0.000105257618020104,0.763522800783279,1,0,0.221893111207365,47.89
"561710",0.00178937950634177,1.97189854618971,1,1,0.251287212953628,50.05
"561720",0.00652597231724646,0.793225972013662,1,0,0.221564583264114,47.35
"561730",0.00742066207041735,1.00667620710888,1,1,0.262486833990307,54.16
"561740",0.00289458449555287,10.7674913808688,1,1,0.247978791432207,53.51
"561790",0.000210515236040208,0.225990749855885,1,0,0.207752501128725,49.3
"561910",0.000473659281090469,1.27013813114964,1,1,0.187383153175841,48.76
"561920",0,0,0,0,0.13526006228496,47.35
"561990",0.000105257618020104,0.0838549842719692,1,0,0.211678304775045,45.95
"562111",0.00189463712436188,1.68233797910397,1,1,0.273157799872259,50.7
"562112",0,0,0,0,0.155108951439708,45.51
"562119",0,0,0,0,0.21220878063972,49.3
"562211",0,0,0,0,0.169494996229889,45.19
"562212",0,0,0,0,0.234240530316853,45.19
"562213",0,0,0,0,0.126863596052605,39.68
"562219",0,0,0,0,0.195183010142883,45.95
"562910",5.26288090100521e-05,0.0884160359872007,1,0,0.204025976401131,44.97
"562920",0,0,0,0,0.202316987113554,46.05
"562991",0.000736803326140729,3.28288459141128,1,1,0.280478789855331,52.97
"562998",5.26288090100521e-05,0.35633238723781,1,0,0.205918093403794,47.57
"611110",0.00773643492447766,1.03012269677214,1,1,0.224946806724549,49.73
"611210",0,0,0,0,0.176157981010148,41.41
"611310",0.000736803326140729,0.0665620165701561,1,0,0.198149397609418,42.49
"611410",0,0,0,0,0.124605581632038,42.05
"611420",0,0,0,0,0.139905340921963,46.05
"611430",0.000105257618020104,0.316612829975908,1,0,0.168445080917624,47.14
"611511",0,0,0,0,0.208249128081797,49.73
"611512",0,0,0,0,0.18347955732598,48.11
"611513",0.000315772854060313,3.27056858447337,1,1,0.185232219438662,48.43
"611519",0.00105257618020104,2.80715672736537,1,1,0.192832160637424,52
"611610",0.00205252355139203,2.04514989165241,1,1,0.214913590609107,52.54
"611620",0.000631545708120625,0.44493881120994,1,0,0.194485109244023,49.95
"611630",5.26288090100521e-05,0.432025333123558,1,0,0.126783902471202,47.78
"611691",0.000105257618020104,0.136975618838918,1,0,0.129208273965892,43.68
"611692",5.26288090100521e-05,0.348032698843439,1,0,0.21890195112729,48.32
"611699",0.000315772854060313,0.499088261891031,1,0,0.201062579247808,50.49
"611710",0.00026314404505026,0.18589227119719,1,0,0.157150472113997,46.7
"621111",0.00752591968843745,0.447579304538797,1,0,0.243119637068428,44.11
"621112",0.000105257618020104,0.186248134354021,1,0,0.195974171518272,45.19
"621210",0.00773643492447766,1.22815343626984,1,1,0.253499836447215,52.86
"621310",0.00105257618020104,1.09222719281553,1,1,0.280510042119533,51.89
"621320",0.00184200831535182,1.96314162365142,1,1,0.28982472894144,49.84
"621330",0.000421030472080417,0.242509283909226,1,0,0.210325021334792,50.49
"621340",0.00426293352981422,1.44114232727082,1,1,0.251930754354354,50.05
"621391",0.000473659281090469,2.44161126524061,1,1,0.248711055130538,50.59
"621399",0.000894689753170886,0.741150978252987,1,0,0.230704320586803,51.68
"621410",0.000157886427030156,0.751678772193458,1,0,0.212231058482967,47.68
"621420",0.00221040997842219,1.13383624569112,1,1,0.263006728144353,48.43
"621491",5.26288090100521e-05,0.0407136262845448,1,0,0.134193308028556,48.22
"621492",0.000368401663070365,0.45310598450276,1,0,0.261110289020715,46.49
"621493",0.0013157202252513,1.18584327828111,1,1,0.240187105672645,49.08
"621498",0.00157886427030156,0.979918822345729,1,0,0.23063955432062,49.19
"621511",0.000105257618020104,0.0778779516680974,1,0,0.160037572633716,42.38
"621512",0,0,0,0,0.174814832014204,46.05
"621610",0.00521025209199516,0.497540443042524,1,0,0.221166973528259,45.08
"621910",0.0025261828324825,2.3674193950067,1,1,0.277186921360161,47.46
"621991",0,0,0,0,0.206196922822862,48.65
"621999",0.000157886427030156,0.220761739904838,1,0,0.195845202095032,45.41
"622110",0.0468922688279564,1.59692935372094,1,1,0.264061620685725,46.38
"622210",0,0,0,0,0.191159347092954,43.68
"622310",0.000157886427030156,0.0994107977239374,1,0,0.179617610896957,43.68
"623110",5.26288090100521e-05,0.00601458789044508,1,0,0.286477933282008,45.08
"623210",5.26288090100521e-05,0.0221334448893915,1,0,0.260657838971566,45.73
"623220",5.26288090100521e-05,0.0343794123293558,1,0,0.246310682597393,48.65
"623311",0,0,0,0,0.252519259672997,47.24
"623312",0.000157886427030156,0.054065329718895,1,0,0.267427206815647,50.59
"623990",0,0,0,0,0.246445793241951,48.65
"624110",5.26288090100521e-05,0.0354708116954324,1,0,0.249011151938908,48.76
"624120",0.00394716067575391,0.269542923046145,1,0,0.231387615406607,49.95
"624190",0.00210515236040208,0.619979657739491,1,0,0.24447790111507,47.14
"624210",0.000631545708120625,2.10665671049641,1,1,0.240938610199493,51.57
"624221",5.26288090100521e-05,0.0947944367731098,1,0,0.253215665775391,48.97
"624229",0,0,0,0,0.221562345432355,49.95
"624230",0,0,0,0,0.182521603260185,44.76
"624310",0.00631545708120625,3.75154209186653,1,1,0.271455006919612,48.97
"624410",0.00678911636229672,0.946009689968085,1,0,0.265735817704766,48
"711110",5.26288090100521e-05,0.108115793139267,1,0,0.189258549972279,48
"711120",0.000315772854060313,2.96541183242317,1,1,0.178134937284969,50.27
"711130",5.26288090100521e-05,0.14529472276403,1,0,0.168997812824305,45.51
"711190",5.26288090100521e-05,0.785218244968494,1,0,0.162795314342074,44.11
"711211",5.26288090100521e-05,0.0749470233897697,1,0,0.134992659979839,40.76
"711212",5.26288090100521e-05,0.347887531253295,1,0,0.190710777000182,44.76
"711219",0.000105257618020104,0.555020567102957,1,0,0.170444868144012,42.38
"711310",5.26288090100521e-05,0.0627577312534588,1,0,0.176568515006382,46.7
"711320",0,0,0,0,0.18012922545919,49.51
"711410",0,0,0,0,0.134130580424237,45.84
"711510",0.0012104626072312,0.576158030501344,1,0,0.200765596689608,50.7
"712110",0.00236829640545234,3.88709313385181,1,1,0.222395684055788,50.81
"712120",0,0,0,0,0.169658680084592,41.08
"712130",0,0,0,0,0.167401684426276,46.16
"712190",0,0,0,0,0.201811050225634,44.11
"713110",0,0,0,0,0.148282151378472,43.68
"713120",0,0,0,0,0.216639372644223,46.92
"713210",0,0,0,0,0.14820344611362,41.73
"713290",0,0,0,0,0.215085386623864,48.11
"713910",0.000789432135150782,0.306473547971045,1,0,0.259804912582795,48
"713920",5.26288090100521e-05,0.207113122202675,1,0,0.189925875247456,51.24
"713930",5.26288090100521e-05,0.187621218720462,1,0,0.206201266775161,44.86
"713940",0.00184200831535182,0.444919905250403,1,0,0.21387475041122,49.51
"713950",0.00026314404505026,0.647879355277377,1,0,0.26282815623183,47.24
"713990",0.00184200831535182,1.10263496451942,1,1,0.232864402583897,53.73
"721110",0.00205252355139203,0.227869557682249,1,0,0.261190599904064,52.32
"721120",0,0,0,0,0.139083236913912,35.03
"721191",0,0,0,0,0.229466334544724,48.43
"721199",0,0,0,0,0.228792300361213,48.86
"721211",0,0,0,0,0.281376778523058,51.89
"721214",0.00026314404505026,1.11881295263675,1,1,0.255504309025395,54.16
"721310",0,0,0,0,0.243951433405868,48.86
"722310",0.00142097784327141,0.380944165534375,1,0,0.227234529444332,43.14
"722320",0.000368401663070365,0.274495130916487,1,0,0.184478350501962,44.65
"722330",0.00194726593337193,3.85382115783794,1,1,0.267964508938231,56.76
"722410",0.000421030472080417,0.170582662338402,1,0,0.264300437864638,48
"722511",0.0134729751065733,0.433982575687539,1,0,0.245140972625265,45.95
"722513",0.0251565707068049,0.937200798347021,1,0,0.284354848492525,46.49
"722514",0,0,0,0,0.259075678000509,46.05
"722515",0.00257881164149255,0.467145997005592,1,0,0.254515355996879,52.32
"811111",0.00573654018209568,1.91303768647278,1,1,0.295391504053217,51.35
"811114",0.000421030472080417,1.19054517986821,1,1,0.283003081207796,49.84
"811121",0.00326298615862323,1.90389897879985,1,1,0.287812234598697,51.14
"811122",0.000578916899110573,2.12207224417711,1,1,0.278388799491072,50.92
"811191",0.000157886427030156,0.302958424667698,1,0,0.277727084803018,47.57
"811192",0.000842060944160834,0.645519762830375,1,0,0.259427919340911,48.76
"811198",0.000684174517130677,2.62405107948505,1,1,0.25018894989612,53.73
"811210",0.000368401663070365,0.531256140657174,1,0,0.183396230545866,44.43
"811310",0.0026314404505026,1.57754380815517,1,1,0.288176651564344,51.57
"811411",0.000473659281090469,8.1647789743802,1,1,0.280689512062628,51.35
"811412",0.00026314404505026,1.30944421874456,1,1,0.255888941750537,54.7
"811420",0,0,0,0,0.249058235342007,50.38
"811430",5.26288090100521e-05,3.000160227015,1,1,0.182150594704598,52.97
"811490",0.000894689753170886,1.81918876480279,1,1,0.272843171838799,52.65
"812111",0.000789432135150782,1.40181264949097,1,1,0.233401384922173,49.95
"812112",0.00642071469922636,1.42020148842224,1,1,0.258259564233746,51.68
"812113",0.00110520498921109,0.71529078955879,1,0,0.174344128478329,46.92
"812191",0.00026314404505026,2.24611711653819,1,1,0.226550909917814,55.57
"812199",0.00284195568654281,1.83749771383009,1,1,0.222177707392472,54.38
"812210",0.000684174517130677,1.05086893400374,1,1,0.291955622962036,46.81
"812220",0,0,0,0,0.250643813425804,42.59
"812310",0.000421030472080417,1.6224754027388,1,1,0.258125272833314,51.24
"812320",0,0,0,0,0.224197471401236,45.19
"812331",0.00394716067575391,10.1797015721202,1,1,0.214852843131634,51.68
"812332",0.000105257618020104,0.266642155757084,1,0,0.20265376992888,44.97
"812910",0.000947318562180938,0.722173329204336,1,0,0.248914347341726,49.08
"812921",0,0,0,0,0.139820666226836,43.46
"812922",0,0,0,0,0.143060155330559,44.65
"812930",0,0,0,0,0.104789849282619,40
"812990",0.00157886427030156,1.21245561450515,1,1,0.221144270658569,54.27
"813110",0.00099994737119099,0.111336559772534,1,0,0.282595174631566,45.3
"813211",0,0,0,0,0.185145781242214,44
"813212",0,0,0,0,0.134585766422599,40.32
"813219",0,0,0,0,0.192648989466318,44.43
"813311",0,0,0,0,0.183989347877556,42.49
"813312",0,0,0,0,0.234941240012778,49.84
"813319",0.000684174517130677,0.911733132016623,1,0,0.2235958366276,48.11
"813410",0.000526288090100521,0.251545410218984,1,0,0.255456679010463,44.97
"813910",0.000105257618020104,0.153117426720049,1,0,0.219486222206301,49.19
"813920",5.26288090100521e-05,0.10137445966577,1,0,0.130298363485387,40.54
"813930",0.000315772854060313,0.512694097359281,1,0,0.218246306340506,43.35
"813940",0,0,0,0,0.151964712213306,46.49
"813990",0,0,0,0,0.20038751828173,48.43
"814110",0.000210515236040208,0.0240549295006178,1,0,0.204709436253273,46.49
"901149",0.00294721330456292,0.84822896943179,1,0,0.271738439493981,44.86
"901199",0.00773643492447766,0.53392090148331,1,0,0.22101167346438,45.84
"901200",0.00699963159833693,0.658690576261897,1,0,0.190531162569229,45.08
"902611",0,0,0,0,0.157255635223812,46.16
"902612",0,0,0,0,0.236759072038833,44.86
"902619",0,0,0,0,0.166221272719317,40.11
"902622",0.0192621440976791,7.54560768560085,1,1,0.175613253657127,51.46
"902999",0.00357875901268354,0.267626778341921,1,0,0.273804542551738,46.92
"903611",0.0831535182358823,1.95689002349165,1,1,0.299876544166746,49.41
"903612",0,0,0,0,0.236215204895887,50.49
"903619",0,0,0,0,0.196712400638275,44.22
"903622",0,0,0,0,0.231152086666328,47.24
"903999",0.102205147097521,2.98650364107892,1,1,0.299190504747805,50.16
"999999",0.00026314404505026,0.196677413408076,1,0,0.178262367125059,42.59
