"industry_code","industry_employment_share","location_quotient","industry_present","industry_comparative_advantage","industry_feasibility","industry_feasibility_percentile_score"
"111000",9.50118764845606e-05,0.0187180135501532,1,0,0.27811739703852,41.95
"112000",0.0115914489311164,4.3714809487046,1,1,0.293141087698271,47.89
"113110",0,0,0,0,0.230887574926273,35.68
"113210",0,0,0,0,0.218056510673349,37.84
"113310",9.50118764845606e-05,0.266139029180878,1,0,0.266025670344431,39.57
"114111",0,0,0,0,0.208542772055173,45.84
"114112",0,0,0,0,0.197544919620692,46.49
"114119",0,0,0,0,0.167247468263791,43.24
"114210",0.000190023752969121,4.93751567805716,1,1,0.27621147844703,51.03
"115111",0,0,0,0,0.197823359895578,37.19
"115112",9.50118764845606e-05,0.479292078075144,1,0,0.275454362318257,44.22
"115113",0,0,0,0,0.220415151878045,42.92
"115114",0,0,0,0,0.215078850328928,44
"115115",0.00323040380047506,1.64506929393184,1,1,0.287817624727345,50.7
"115116",0,0,0,0,0.217573924291253,44.54
"115210",0.000855106888361045,3.40069505585584,1,1,0.278122317875484,48.22
"115310",9.50118764845606e-05,0.658512100113023,1,0,0.240202126587199,40.11
"211120",0.000760095011876485,1.56608323960313,1,1,0.244208819305786,72.11
"211130",0.00351543942992874,16.0535224146168,1,1,0.239426167454434,67.89
"212114",0,0,0,0,0.182409508715717,49.19
"212115",0,0,0,0,0.168037201400019,43.14
"212210",0,0,0,0,0.146535816077385,39.57
"212220",0,0,0,0,0.164034289620948,56.76
"212230",0,0,0,0,0.140390658710598,43.78
"212290",0,0,0,0,0.15548990940919,51.46
"212311",0,0,0,0,0.179643849379521,39.78
"212312",0,0,0,0,0.205253861407216,32.65
"212313",0,0,0,0,0.134020180432798,27.89
"212319",0,0,0,0,0.183901912297961,39.57
"212321",0.00123515439429929,6.39494067260338,1,1,0.264660068505303,50.16
"212322",0,0,0,0,0.164323223262455,43.78
"212323",0,0,0,0,0.136550530687844,36.43
"212390",0,0,0,0,0.178979890604292,44.43
"213111",0.000380047505938242,1.47013392584425,1,1,0.245657333285563,67.57
"213112",0.00693586698337292,5.36896728671901,1,1,0.260828127940428,72.22
"213113",0,0,0,0,0.185244882323323,54.59
"213114",0,0,0,0,0.180067861451027,55.57
"213115",0,0,0,0,0.177597114678551,45.08
"221111",0,0,0,0,0.177433624148712,39.24
"221112",0,0,0,0,0.216829679493475,42.27
"221113",0,0,0,0,0.11251636467727,28.76
"221114",0.0108313539192399,112.62571923608,1,1,0.158123802000958,49.84
"221115",0.00446555819477435,66.6828960147344,1,1,0.200053922273086,59.68
"221116",0,0,0,0,0.138176645598287,45.73
"221117",0,0,0,0,0.139779446439533,37.95
"221118",0,0,0,0,0.13948406553886,40.65
"221121",0,0,0,0,0.170110248303464,38.38
"221122",0.00503562945368171,3.80724861593825,1,1,0.284141937700194,46.92
"221210",0.00522565320665083,7.69586296200348,1,1,0.251840031949897,49.41
"221310",0.00152019002375297,4.74683566441005,1,1,0.272670210441966,48.97
"221320",0,0,0,0,0.199531933545895,41.3
"221330",0,0,0,0,0.117771586561769,36.65
"236115",0.00807600950118765,2.57538335709659,1,1,0.267632169788834,46.92
"236116",0,0,0,0,0.178306064427232,43.46
"236117",0.000190023752969121,0.336394673505281,1,0,0.229657245397408,41.3
"236118",0.00684085510688836,1.50704602873123,1,1,0.255575890399398,46.38
"236210",0.00294536817102138,2.98957062774503,1,1,0.231505443059915,43.78
"236220",0.00494061757719715,1.04760496146758,1,1,0.244101483051616,46.38
"237110",0.000855106888361045,0.669977918857968,1,0,0.259664109057772,44.76
"237120",0.0456057007125891,53.5889605620338,1,1,0.250884075076333,62.27
"237130",9.50118764845606e-05,0.0665221976682856,1,0,0.242433803414569,43.14
"237210",0.000475059382422803,1.93813292401446,1,1,0.208799523716893,48.65
"237310",0.00152019002375297,0.682156854927202,1,0,0.257984994341267,45.08
"237990",0.000855106888361045,0.997130787507173,1,0,0.239855403420425,43.89
"238110",0.00199524940617577,1.16016458535404,1,1,0.25655684733691,47.89
"238120",0,0,0,0,0.21027545166161,39.68
"238130",0.000380047505938242,0.600083197784238,1,0,0.22268324307456,43.68
"238140",0.000475059382422803,0.456152474305777,1,0,0.228999907717144,40.65
"238150",0.000665083135391924,1.33784443463455,1,1,0.23297256421635,44.43
"238160",0.000570071258907363,0.334225852410258,1,0,0.235828168806837,43.14
"238170",0.000475059382422803,1.35861671249633,1,1,0.258123853679817,43.68
"238190",0.0036104513064133,9.57509372904559,1,1,0.260030270463251,48.43
"238210",0.0026603325415677,0.382377417538065,1,0,0.228853301629102,43.68
"238220",0.00380047505938242,0.464437783427651,1,0,0.235031341162249,41.73
"238290",0.000475059382422803,0.46591736313378,1,0,0.218872502576346,37.62
"238310",0.00123515439429929,0.687889449754501,1,0,0.207621521397393,43.68
"238320",0.00133016627078385,0.694864787533334,1,0,0.232230692037379,44.97
"238330",0.000570071258907363,0.708835918146169,1,0,0.225161108536557,40.76
"238340",9.50118764845606e-05,0.188212592380118,1,0,0.218493405678892,44.54
"238350",0.000855106888361045,0.555822614856575,1,0,0.244353875829882,42.92
"238390",0,0,0,0,0.170276895853856,36.11
"238910",0.00921615201900238,2.74331578878931,1,1,0.285852130270343,47.14
"238990",0.00228028503562945,0.68223119825941,1,0,0.260184137318752,47.24
"311111",0.000190023752969121,0.853779548031792,1,0,0.167515365808308,31.68
"311119",0.000190023752969121,0.873939232906435,1,0,0.244733787868016,39.03
"311211",0,0,0,0,0.158527867612774,34.38
"311212",0,0,0,0,0.15830444290277,41.19
"311213",0,0,0,0,0.146920666313945,41.3
"311221",0,0,0,0,0.135433999947173,32.86
"311224",0,0,0,0,0.16881109290739,34.7
"311225",0,0,0,0,0.124631600461434,28.54
"311230",0,0,0,0,0.128652049975494,34.38
"311313",0,0,0,0,0.159948922759641,45.95
"311314",0,0,0,0,0.11195472767472,39.57
"311340",9.50118764845606e-05,0.610726266299512,1,0,0.146080270496667,35.24
"311351",9.50118764845606e-05,1.57576789478097,1,1,0.149768540734207,50.49
"311352",0.000570071258907363,3.036927483796,1,1,0.177430087184018,42.59
"311411",0,0,0,0,0.145959184139083,33.84
"311412",0,0,0,0,0.150552407257654,30.38
"311421",0.000190023752969121,0.590056870040711,1,0,0.183473153359803,35.57
"311422",0,0,0,0,0.124681658608873,30.92
"311423",0,0,0,0,0.157640558802511,42.7
"311511",0,0,0,0,0.166942117141189,36.22
"311512",0,0,0,0,0.122313265826331,33.84
"311513",0,0,0,0,0.171893053709115,34.16
"311514",0,0,0,0,0.138996764178057,31.89
"311520",0,0,0,0,0.149419419188787,35.78
"311611",0.000855106888361045,0.980355975077011,1,0,0.221658747857281,41.62
"311612",0.000950118764845606,1.07160209767231,1,1,0.220447405132944,44.54
"311613",0,0,0,0,0.140774422253475,26.49
"311615",9.50118764845606e-05,0.0666686645334925,1,0,0.169788999386122,25.73
"311710",9.50118764845606e-05,0.507737234972648,1,0,0.158876080276648,44.32
"311811",0,0,0,0,0.216257848074579,40.11
"311812",0,0,0,0,0.170451587744137,34.59
"311813",0,0,0,0,0.112355811767326,32.43
"311821",0,0,0,0,0.141592928738056,32.32
"311824",0,0,0,0,0.12979697135751,29.41
"311830",0,0,0,0,0.149934658572131,45.62
"311911",0,0,0,0,0.128714365055423,30.7
"311919",0,0,0,0,0.139327413793711,29.41
"311920",0,0,0,0,0.173460749513463,40.65
"311930",0,0,0,0,0.1042841208483,33.3
"311941",0,0,0,0,0.133987898163771,30.05
"311942",0,0,0,0,0.140445684116759,33.41
"311991",9.50118764845606e-05,0.235482488939416,1,0,0.138715111490254,31.78
"311999",9.50118764845606e-05,0.376027796264053,1,0,0.165638347591048,32.97
"312111",0,0,0,0,0.173980964445238,37.62
"312112",0.000760095011876485,5.99697536711211,1,1,0.184100155245897,46.38
"312113",0,0,0,0,0.195035172692176,43.03
"312120",0,0,0,0,0.226210737200514,41.95
"312130",0,0,0,0,0.208596070477716,40.86
"312140",0,0,0,0,0.183531849531437,40.11
"312230",0,0,0,0,0.119308528173882,27.14
"313110",0,0,0,0,0.122954432105767,20.54
"313210",0,0,0,0,0.135181057823355,24.76
"313220",0,0,0,0,0.112166652624242,22.92
"313230",0,0,0,0,0.115071903402576,19.89
"313240",0,0,0,0,0.11025994431613,25.41
"313310",0,0,0,0,0.161451875543525,31.35
"313320",0,0,0,0,0.118467986342547,25.84
"314110",0,0,0,0,0.109387856173204,16
"314120",0,0,0,0,0.149839362173567,31.89
"314910",0.000570071258907363,4.03088253639395,1,1,0.20048842126029,41.19
"314994",0,0,0,0,0.135526281454193,32.43
"314999",0.000570071258907363,2.99059217731738,1,1,0.215635016041887,39.46
"315120",0,0,0,0,0.117882257747617,27.24
"315210",0,0,0,0,0.154999059952535,32.65
"315250",0,0,0,0,0.150335174975795,32.43
"315990",0,0,0,0,0.166589760319198,36.97
"316110",0.000475059382422803,20.6932737906581,1,1,0.192672480643357,48
"316210",0,0,0,0,0.157251418920991,38.92
"316990",0.000285035629453682,3.74669650325202,1,1,0.207531488084849,49.62
"321113",0.00551068883610451,11.7252287054617,1,1,0.253924787315111,41.62
"321114",9.50118764845606e-05,1.43178564505902,1,1,0.195195478864152,44.32
"321211",0,0,0,0,0.145774768663356,27.57
"321212",0,0,0,0,0.147559620884233,35.24
"321215",0,0,0,0,0.2199586129184,38.27
"321219",0,0,0,0,0.153733095351988,33.41
"321911",0,0,0,0,0.174955867693356,34.05
"321912",0,0,0,0,0.186055916327107,35.46
"321918",0,0,0,0,0.193348512561845,32
"321920",0,0,0,0,0.227710456557598,32.11
"321991",0,0,0,0,0.150895735498126,30.16
"321992",0,0,0,0,0.199748164233899,38.7
"321999",0,0,0,0,0.240682651177139,37.73
"322110",0,0,0,0,0.143163640628788,32.43
"322120",0,0,0,0,0.157339056734546,30.92
"322130",0,0,0,0,0.132732985450712,26.7
"322211",0,0,0,0,0.190067264859483,31.03
"322212",0,0,0,0,0.124211099895501,23.78
"322219",0,0,0,0,0.131853164693488,24.76
"322220",0,0,0,0,0.149722683337173,27.57
"322230",0,0,0,0,0.123794148198383,28.97
"322291",0,0,0,0,0.133041568199175,28.54
"322299",0,0,0,0,0.134384727247234,24.32
"323111",0.000760095011876485,0.500938228181702,1,0,0.191771724656919,31.35
"323113",0.000665083135391924,1.44313813209399,1,1,0.231887778260343,42.38
"323117",0,0,0,0,0.134013289535314,31.78
"323120",0,0,0,0,0.129235501319032,26.7
"324110",0.00199524940617577,5.36470769156934,1,1,0.177100246411384,59.14
"324121",0,0,0,0,0.192490594575222,36
"324122",0,0,0,0,0.127687401694531,33.19
"324191",0,0,0,0,0.129293505308916,29.3
"324199",0,0,0,0,0.126520189097042,35.14
"325110",0,0,0,0,0.147813383338593,44.97
"325120",0,0,0,0,0.14814840596372,37.41
"325130",0,0,0,0,0.112263093500073,24.76
"325180",0,0,0,0,0.173455729402119,39.35
"325193",0,0,0,0,0.17382804257403,39.68
"325194",0,0,0,0,0.128907504239206,33.73
"325199",0,0,0,0,0.160431294415818,33.51
"325211",0,0,0,0,0.167927593479946,33.19
"325212",0,0,0,0,0.127622916035877,32.11
"325220",0,0,0,0,0.122410185821618,23.03
"325311",0,0,0,0,0.171980130024033,34.81
"325312",0,0,0,0,0.134668509303917,36.43
"325314",0,0,0,0,0.185353400075525,36.76
"325315",0,0,0,0,0.136184258524662,39.14
"325320",0,0,0,0,0.145803451753808,34.16
"325411",9.50118764845606e-05,0.364612696298216,1,0,0.15369135663922,41.3
"325412",9.50118764845606e-05,0.0712983691285675,1,0,0.131622700925591,30.81
"325413",0,0,0,0,0.110006788817131,35.03
"325414",0,0,0,0,0.116582929570368,34.92
"325510",0,0,0,0,0.162736095201782,30.59
"325520",0,0,0,0,0.121046126599421,26.81
"325611",0,0,0,0,0.138992099855161,28.32
"325612",0,0,0,0,0.133475980497417,27.68
"325613",0,0,0,0,0.104849625536152,22.38
"325620",0.00171021377672209,5.20818500352479,1,1,0.143339987123717,39.35
"325910",0,0,0,0,0.10278134970217,19.78
"325920",0,0,0,0,0.128478707806872,33.19
"325991",0,0,0,0,0.13174621664501,24.54
"325992",0,0,0,0,0.13439540336275,33.84
"325998",0,0,0,0,0.191487340806641,41.3
"326111",0,0,0,0,0.141830674685179,30.16
"326112",0,0,0,0,0.126218345097972,23.68
"326113",0,0,0,0,0.149522138743675,27.35
"326121",0,0,0,0,0.135039936861537,26.27
"326122",0,0,0,0,0.181781497426436,40.11
"326130",0,0,0,0,0.138566063056886,31.46
"326140",0,0,0,0,0.141238307545028,28.76
"326150",0,0,0,0,0.156535077313372,29.3
"326160",0,0,0,0,0.14018502092769,26.81
"326191",0,0,0,0,0.128771943012674,31.14
"326199",0,0,0,0,0.223409762036976,33.19
"326211",0,0,0,0,0.125500735401609,24.76
"326212",0,0,0,0,0.141244741019659,30.49
"326220",0,0,0,0,0.139972152829986,28.43
"326291",0,0,0,0,0.140396539410145,28.54
"326299",9.50118764845606e-05,0.669884584106886,1,0,0.145899851051167,31.03
"327110",0.000380047505938242,3.94495566084143,1,1,0.195961381038826,42.59
"327120",0,0,0,0,0.152592654580846,31.89
"327211",0,0,0,0,0.115458265970088,27.89
"327212",0,0,0,0,0.155810057120965,37.95
"327213",0,0,0,0,0.125592772869817,34.05
"327215",9.50118764845606e-05,0.350671077702463,1,0,0.157537697742549,31.03
"327310",0,0,0,0,0.156211940219368,38.27
"327320",0.00218527315914489,3.53327041066792,1,1,0.277864754001867,47.24
"327331",0,0,0,0,0.188145441148719,36.32
"327332",0,0,0,0,0.140631382237609,36
"327390",0,0,0,0,0.210176353934743,36.97
"327410",0,0,0,0,0.129931332424516,28.65
"327420",0,0,0,0,0.128004912678548,35.89
"327910",0,0,0,0,0.131691860757417,29.51
"327991",9.50118764845606e-05,0.450164334032092,1,0,0.216198162305668,37.08
"327992",0,0,0,0,0.149756336774686,39.57
"327993",0,0,0,0,0.146801055388064,29.84
"327999",0,0,0,0,0.149263573934806,32.54
"331110",0,0,0,0,0.151783187268466,30.49
"331210",0,0,0,0,0.158820944479721,36.32
"331221",0,0,0,0,0.141000757642259,28.43
"331222",0,0,0,0,0.129148904792344,25.51
"331313",0,0,0,0,0.128077400754442,34.27
"331314",0,0,0,0,0.118373387858028,26.27
"331315",0,0,0,0,0.135397580704836,32.32
"331318",0,0,0,0,0.131678591046986,26.05
"331410",0,0,0,0,0.125019632236929,32.11
"331420",0,0,0,0,0.135119943048392,26.38
"331491",0,0,0,0,0.128398582968776,29.3
"331492",0,0,0,0,0.122980637940263,28.54
"331511",0,0,0,0,0.156501594561404,30.38
"331512",0,0,0,0,0.115647679078322,31.46
"331513",0,0,0,0,0.126501483345476,30.49
"331523",0,0,0,0,0.135839185180695,27.68
"331524",0,0,0,0,0.134552973067766,27.24
"331529",0,0,0,0,0.139392923851174,31.14
"332111",0,0,0,0,0.145304006439989,30.81
"332112",0,0,0,0,0.112678162789889,26.49
"332114",0,0,0,0,0.130587679051449,33.08
"332117",0,0,0,0,0.115840299443066,28.54
"332119",0,0,0,0,0.163896852219996,28.11
"332215",0,0,0,0,0.147061697411363,33.19
"332216",0,0,0,0,0.162911485727708,33.41
"332311",0,0,0,0,0.209451796825985,37.95
"332312",0.00199524940617577,3.45166492852859,1,1,0.239050414700045,41.84
"332313",0,0,0,0,0.212201243963619,35.14
"332321",0,0,0,0,0.171564729892619,31.78
"332322",0,0,0,0,0.209978450624689,33.19
"332323",0,0,0,0,0.199907348942715,37.62
"332410",0,0,0,0,0.135898843544472,31.78
"332420",0,0,0,0,0.205939308651894,41.19
"332431",0,0,0,0,0.131723735139523,27.68
"332439",0,0,0,0,0.140409201245613,32
"332510",0,0,0,0,0.140844310764572,26.16
"332613",0,0,0,0,0.123883627305261,27.14
"332618",0,0,0,0,0.168202482415363,32.22
"332710",0.000665083135391924,0.432267795097569,1,0,0.250230026095075,38.27
"332721",0,0,0,0,0.162984002456348,29.19
"332722",0,0,0,0,0.130316972128927,27.24
"332811",0,0,0,0,0.134063874936744,29.41
"332812",0,0,0,0,0.186860612195923,32.22
"332813",0,0,0,0,0.16854509805835,32
"332911",0,0,0,0,0.147610029111593,34.49
"332912",0,0,0,0,0.135521405710526,28.65
"332913",0,0,0,0,0.122758693894174,28.43
"332919",0,0,0,0,0.140321921519105,33.3
"332991",0,0,0,0,0.122733738802144,27.03
"332992",0,0,0,0,0.152108960047092,39.78
"332993",0,0,0,0,0.132750701802526,32.54
"332994",0.000475059382422803,3.26800369796826,1,1,0.15967533719111,42.05
"332996",0,0,0,0,0.165260804872657,32.65
"332999",9.50118764845606e-05,0.187426687134126,1,0,0.211065814828554,35.46
"333111",0,0,0,0,0.220858563143315,39.89
"333112",0,0,0,0,0.134157026437358,26.7
"333120",0,0,0,0,0.180644206382735,34.59
"333131",0,0,0,0,0.165789390956119,41.95
"333132",0,0,0,0,0.204188183793913,59.46
"333241",0,0,0,0,0.152109035746663,30.16
"333242",0,0,0,0,0.119793169530482,43.35
"333243",0,0,0,0,0.157939073704716,28.11
"333248",0,0,0,0,0.189937086223143,32
"333310",0,0,0,0,0.177271541159442,35.35
"333413",0,0,0,0,0.145866250161816,31.24
"333414",0,0,0,0,0.14184581269356,30.05
"333415",0,0,0,0,0.162591807962056,31.24
"333511",0,0,0,0,0.16774227697187,33.08
"333514",0,0,0,0,0.184287858854435,28.76
"333515",0,0,0,0,0.15201286277035,28.32
"333517",0,0,0,0,0.177035224033318,31.46
"333519",0,0,0,0,0.13074948409074,28
"333611",0,0,0,0,0.136221364170837,34.05
"333612",0,0,0,0,0.124202480177992,33.51
"333613",0,0,0,0,0.127695714951855,27.89
"333618",0,0,0,0,0.137138282778581,29.84
"333912",0,0,0,0,0.145081408532786,34.38
"333914",0,0,0,0,0.16796448750823,38.16
"333921",0,0,0,0,0.116658089694033,27.46
"333922",0,0,0,0,0.167947666706345,32
"333923",0,0,0,0,0.141098949325927,34.05
"333924",0,0,0,0,0.143753180753266,28.86
"333991",0,0,0,0,0.125311789674141,30.38
"333992",0,0,0,0,0.148755923319493,34.16
"333993",0,0,0,0,0.137291692231071,28.76
"333994",0,0,0,0,0.118093431155027,27.03
"333995",0,0,0,0,0.1439664537479,31.57
"333996",0,0,0,0,0.132771781926558,32.32
"333998",0.00209026128266033,7.49344437298087,1,1,0.174934659720871,36
"334111",0,0,0,0,0.106973798490226,38.81
"334112",0,0,0,0,0.0999285863288773,37.51
"334118",0,0,0,0,0.124213273091652,37.51
"334210",0,0,0,0,0.108303497431995,34.7
"334220",0,0,0,0,0.132608411818095,37.73
"334290",0,0,0,0,0.117282053598446,32.43
"334310",0,0,0,0,0.118561738957622,36.54
"334412",0,0,0,0,0.110451811771597,33.19
"334413",0,0,0,0,0.120256400554147,39.14
"334416",0,0,0,0,0.121997102971292,29.3
"334417",0,0,0,0,0.122270290612338,37.41
"334418",0,0,0,0,0.141818528957155,35.78
"334419",0,0,0,0,0.149912780568978,34.92
"334510",0,0,0,0,0.105496114316165,31.35
"334511",0,0,0,0,0.123906310651464,38.05
"334512",0,0,0,0,0.131632097197207,34.49
"334513",0,0,0,0,0.166156041593682,39.57
"334514",0,0,0,0,0.122450145097255,34.49
"334515",0,0,0,0,0.139693693065023,39.35
"334516",0,0,0,0,0.122139512939983,36.54
"334517",0,0,0,0,0.0924074232731884,33.3
"334519",0,0,0,0,0.139226838300903,34.81
"334610",0,0,0,0,0.11498123525349,35.24
"335131",0,0,0,0,0.132296750431595,32.76
"335132",0,0,0,0,0.125220564645743,26.38
"335139",0,0,0,0,0.122071191537744,30.05
"335210",0,0,0,0,0.134808524224195,34.16
"335220",0,0,0,0,0.122259779819782,22.38
"335311",0,0,0,0,0.1320328657064,29.62
"335312",0.00389548693586698,18.5596422428531,1,1,0.161777981722525,41.62
"335313",0,0,0,0,0.144923074244976,33.73
"335314",0,0,0,0,0.144905094453754,31.68
"335910",0,0,0,0,0.128182580499067,28.43
"335921",0,0,0,0,0.107843802411946,29.62
"335929",0,0,0,0,0.122003879994347,31.03
"335931",0,0,0,0,0.135419791472084,28.97
"335932",0,0,0,0,0.118798217158413,28.65
"335991",0.00275534441805226,46.1583695867038,1,1,0.134262490024853,46.05
"335999",0,0,0,0,0.153474874636272,35.24
"336110",0,0,0,0,0.108669335573335,24.97
"336120",0,0,0,0,0.127561021616659,30.05
"336211",0,0,0,0,0.170940992927328,28.86
"336212",0,0,0,0,0.187792878916581,36.43
"336213",0,0,0,0,0.131579412869495,30.7
"336214",0,0,0,0,0.174825540598059,35.35
"336310",0,0,0,0,0.167209294160945,27.03
"336320",0,0,0,0,0.154280877538619,28.11
"336330",0,0,0,0,0.138411831441514,28.22
"336340",0,0,0,0,0.114157682155363,21.73
"336350",0,0,0,0,0.14600474403573,28.97
"336360",0,0,0,0,0.137563234479207,25.19
"336370",0,0,0,0,0.139341954753552,22.81
"336390",0,0,0,0,0.188056611977243,31.89
"336411",0,0,0,0,0.14013594765185,40.97
"336412",0,0,0,0,0.130578933544664,29.95
"336413",0,0,0,0,0.156432375544643,36.86
"336414",0,0,0,0,0.106773724388397,43.35
"336415",0,0,0,0,0.123868168338709,42.81
"336419",0,0,0,0,0.0968031037718125,29.73
"336510",0,0,0,0,0.134828402606513,29.51
"336611",0,0,0,0,0.150125046256263,41.08
"336612",0,0,0,0,0.180155391759248,37.84
"336991",0,0,0,0,0.134232813924149,35.68
"336992",0,0,0,0,0.106457438610312,29.41
"336999",0,0,0,0,0.151865848520518,32.22
"337110",0.000285035629453682,0.390091531643297,1,0,0.239992052169983,40.32
"337121",9.50118764845606e-05,0.345225761136435,1,0,0.133012687390358,26.38
"337122",9.50118764845606e-05,0.55359124108569,1,0,0.203914599738532,38.38
"337126",0,0,0,0,0.14107789120999,31.68
"337127",0,0,0,0,0.15225276508136,29.95
"337211",0,0,0,0,0.134083967025171,27.78
"337212",9.50118764845606e-05,0.560390321492853,1,0,0.17442472252067,34.81
"337214",0,0,0,0,0.114437612433135,25.51
"337215",0,0,0,0,0.150115495796603,28.22
"337910",0,0,0,0,0.133355016036973,27.24
"337920",0,0,0,0,0.132811742520898,37.51
"339112",9.50118764845606e-05,0.116259406465046,1,0,0.132352017563612,34.16
"339113",9.50118764845606e-05,0.16137983243248,1,0,0.158462516220234,32.54
"339114",0,0,0,0,0.11714878386648,35.57
"339115",0,0,0,0,0.127044053097499,35.68
"339116",0.000855106888361045,3.0125311644312,1,1,0.194161919193147,42.81
"339910",0,0,0,0,0.17452592768359,43.46
"339920",0,0,0,0,0.202016668311543,37.51
"339930",0,0,0,0,0.166624227481561,38.92
"339940",0,0,0,0,0.135228417491659,30.81
"339950",0,0,0,0,0.2180298526827,38.27
"339991",0,0,0,0,0.143529957231386,30.27
"339992",0,0,0,0,0.156681743431715,37.19
"339993",0,0,0,0,0.10548238328432,26.38
"339994",0,0,0,0,0.128939950187012,30.38
"339995",0,0,0,0,0.131087546217183,25.51
"339999",0,0,0,0,0.2035149752039,35.24
"423110",0,0,0,0,0.220985541889196,37.41
"423120",9.50118764845606e-05,0.0898229146237303,1,0,0.201942268461442,33.51
"423130",0,0,0,0,0.181828697147388,36.76
"423140",0,0,0,0,0.216062589071519,37.41
"423210",0,0,0,0,0.130517062103705,30.16
"423220",0,0,0,0,0.135650396962527,28.97
"423310",0,0,0,0,0.205679855680544,35.46
"423320",0,0,0,0,0.198055900993796,37.73
"423330",0,0,0,0,0.194442900547214,37.62
"423390",0,0,0,0,0.190566893346884,37.3
"423410",9.50118764845606e-05,1.40745210248494,1,1,0.13045130164419,47.03
"423420",0.000570071258907363,1.41690374627168,1,1,0.167026196276742,40.43
"423430",0,0,0,0,0.112673486513082,36.97
"423440",0,0,0,0,0.160678626647252,37.41
"423450",0,0,0,0,0.12657825593407,30.27
"423460",0,0,0,0,0.12204041173856,31.24
"423490",0,0,0,0,0.141574113774723,35.14
"423510",0,0,0,0,0.207492784539957,38.27
"423520",0,0,0,0,0.144599077090065,36.43
"423610",0,0,0,0,0.207765397839048,40
"423620",0,0,0,0,0.128581803050502,34.05
"423690",0,0,0,0,0.116136902941283,31.03
"423710",0,0,0,0,0.168857909551014,32.11
"423720",0.00180522565320665,2.56734622192609,1,1,0.227027690485991,42.81
"423730",0,0,0,0,0.164746858672727,34.27
"423740",0,0,0,0,0.165418365649474,38.27
"423810",0,0,0,0,0.241637676428878,43.24
"423820",0,0,0,0,0.286120781404275,42.92
"423830",0.000475059382422803,0.23604629378125,1,0,0.21225759017055,41.84
"423840",0.000855106888361045,1.3601042626154,1,1,0.22542015047243,44.22
"423850",0.00114014251781473,3.39224037999886,1,1,0.214904803011459,40.97
"423860",0,0,0,0,0.17259136915054,38.92
"423910",9.50118764845606e-05,0.254055531828738,1,0,0.193121621966082,39.35
"423920",0,0,0,0,0.135184965504413,31.68
"423930",0.000475059382422803,0.755572115416393,1,0,0.25554201035305,39.14
"423940",0,0,0,0,0.138671914603618,38.16
"423990",0.000285035629453682,0.513392457778873,1,0,0.199299208640753,41.95
"424110",0,0,0,0,0.117849170076509,26.49
"424120",0,0,0,0,0.154407723199379,33.41
"424130",0,0,0,0,0.158197526229015,31.89
"424210",0,0,0,0,0.129054274103841,35.03
"424310",0,0,0,0,0.129001515588225,31.89
"424340",0,0,0,0,0.120166715775369,34.27
"424350",0,0,0,0,0.126334050762758,30.05
"424410",0,0,0,0,0.179542934600911,34.38
"424420",0,0,0,0,0.149554684092283,34.59
"424430",9.50118764845606e-05,0.468513700555633,1,0,0.188717109722304,38.27
"424440",0,0,0,0,0.14591157123567,31.68
"424450",9.50118764845606e-05,0.245463518021856,1,0,0.250384230980007,42.38
"424460",0,0,0,0,0.144218440444117,41.51
"424470",0,0,0,0,0.158784400955195,33.51
"424480",0,0,0,0,0.157822118243994,37.3
"424490",0.00171021377672209,1.16860485797462,1,1,0.24225539297956,44.97
"424510",0,0,0,0,0.253731085111635,43.03
"424520",0,0,0,0,0.256061251470289,43.03
"424590",0,0,0,0,0.195849044184516,40.32
"424610",0,0,0,0,0.149541644414081,29.08
"424690",0.00152019002375297,2.14210585365066,1,1,0.223075186160333,45.08
"424710",0.0036104513064133,17.9094004779792,1,1,0.27140665311875,47.78
"424720",0.00275534441805226,7.01213147519292,1,1,0.271198011383927,50.38
"424810",9.50118764845606e-05,0.14298203836396,1,0,0.24351204325133,42.49
"424820",0,0,0,0,0.155948640713306,40
"424910",0,0,0,0,0.281519983605657,41.3
"424920",0,0,0,0,0.146685853043181,33.62
"424930",0.000760095011876485,2.61744998787788,1,1,0.189970906483746,41.62
"424940",0,0,0,0,0.168956946123541,37.08
"424950",0,0,0,0,0.17038893446729,37.62
"424990",0,0,0,0,0.170461826110519,37.41
"425120",0.000190023752969121,0.0663898089504058,1,0,0.130917232562476,32.43
"441110",0.00351543942992874,0.548442239506479,1,0,0.271518543381301,42.27
"441120",0,0,0,0,0.259525796683362,39.57
"441210",0.00142517814726841,4.47637781536623,1,1,0.255797542874853,45.51
"441222",0,0,0,0,0.229074456852862,39.14
"441227",0.000475059382422803,0.991042467482184,1,0,0.27620489257989,43.78
"441330",0.00484560570071259,2.05834995636782,1,1,0.286355776183683,44.65
"441340",0.0026603325415677,2.33910895360326,1,1,0.28250053966032,46.92
"444110",0.0036104513064133,0.855337806687919,1,0,0.276080001266287,42.16
"444120",0,0,0,0,0.256706201340093,41.08
"444140",0.00589073634204275,5.60192225935373,1,1,0.293082278660192,47.14
"444180",0.00123515439429929,0.799216262315035,1,0,0.262507785338311,43.03
"444230",0,0,0,0,0.257114522878978,37.95
"444240",0.00475059382422803,4.91011447283093,1,1,0.294158359349578,46.81
"445110",0.00826603325415677,0.544317599727163,1,0,0.259179961067588,41.19
"445131",0,0,0,0,0.235862927389208,39.35
"445132",0,0,0,0,0.218755328066798,33.51
"445230",9.50118764845606e-05,0.418434589142883,1,0,0.188865951910876,34.92
"445240",9.50118764845606e-05,0.253926998666852,1,0,0.249005630232489,40.32
"445250",0,0,0,0,0.178895198026484,41.41
"445291",0.000190023752969121,1.34520985519129,1,1,0.201886382046181,42.81
"445292",0,0,0,0,0.201697676759099,40.54
"445298",0.00133016627078385,2.41879862295912,1,1,0.255029085739014,48.32
"445320",0.00418052256532067,3.95373059964997,1,1,0.267351779931152,46.81
"449110",0.000380047505938242,0.318903601325505,1,0,0.257742318212864,41.08
"449121",0.000570071258907363,1.32545585323646,1,1,0.272281025092596,46.59
"449122",0,0,0,0,0.187898548691946,43.35
"449129",9.50118764845606e-05,0.119505727782696,1,0,0.194172218438242,40.22
"449210",0.000855106888361045,0.364202913012125,1,0,0.206327969837519,40.76
"455110",0,0,0,0,0.216617223363807,38.7
"455211",0.0215676959619952,2.23617384047744,1,1,0.288700017201745,45.41
"455219",0.0103562945368171,2.88802848312022,1,1,0.289603087710386,43.35
"456110",0.00256532066508314,0.625280624101861,1,0,0.255153861547955,37.41
"456120",9.50118764845606e-05,0.0788296432442185,1,0,0.216225355476579,39.78
"456130",0,0,0,0,0.192862108392572,38.59
"456191",0.000855106888361045,2.72455890989883,1,1,0.248043973947411,47.24
"456199",0.000570071258907363,1.25248762417141,1,1,0.246412042095256,45.08
"457110",0.0228028503562945,4.40523065356573,1,1,0.294989459185292,46.05
"457120",0.011021377672209,20.0347867075117,1,1,0.270507412248764,45.3
"457210",0.000380047505938242,0.883955561357337,1,0,0.268150768086866,41.51
"458110",0.00256532066508314,0.503182825593514,1,0,0.192508861590544,41.73
"458210",9.50118764845606e-05,0.0939312444963577,1,0,0.183181319010543,36.65
"458310",0.000665083135391924,0.830851017559331,1,0,0.221246922083968,42.05
"458320",0,0,0,0,0.154361195897222,42.81
"459110",9.50118764845606e-05,0.0536623889261064,1,0,0.256108503838575,42.81
"459120",0.000475059382422803,0.572322419023032,1,0,0.248702478788153,41.19
"459130",0.000380047505938242,1.6090245383891,1,1,0.262125671005327,44.97
"459140",0,0,0,0,0.207309673678048,38.59
"459210",0,0,0,0,0.232846929115289,41.41
"459310",9.50118764845606e-05,0.216911081249414,1,0,0.267923024343517,43.35
"459410",0,0,0,0,0.249875322948864,43.35
"459420",0.00152019002375297,1.78755179710548,1,1,0.247122609515965,47.46
"459510",9.50118764845606e-05,0.0644505784052157,1,0,0.253467682790251,40.22
"459910",0,0,0,0,0.228235013171298,40.86
"459920",0,0,0,0,0.208636699916215,46.81
"459930",0,0,0,0,0.263095811523678,43.68
"459991",0.00133016627078385,1.39118869190054,1,1,0.281083780145813,47.35
"459999",0.00247030878859857,1.91649000842506,1,1,0.242151431344836,44.11
"481111",0,0,0,0,0.10788860215324,43.89
"481112",0,0,0,0,0.115420354572332,35.46
"481211",0,0,0,0,0.176845326732323,44.65
"481212",0,0,0,0,0.140550090240734,45.19
"481219",0,0,0,0,0.164202335534318,42.49
"482110",0.00399049881235154,3.25095053470072,1,1,0.277381548753778,46.27
"483111",0,0,0,0,0.115889661690931,41.51
"483112",0,0,0,0,0.115831930400296,47.14
"483113",0,0,0,0,0.133788864791841,45.41
"483114",0,0,0,0,0.129965454428046,40
"483211",0,0,0,0,0.142809229847324,38.81
"483212",0,0,0,0,0.136720111390169,39.89
"484110",0.00228028503562945,1.04515077998992,1,1,0.252248794787252,41.84
"484121",0.0036104513064133,0.943955769556008,1,0,0.260490766437622,38.27
"484122",0.000665083135391924,0.418080004018157,1,0,0.204261140111171,34.7
"484210",0,0,0,0,0.205379014391361,41.51
"484220",0.00446555819477435,3.20395826625019,1,1,0.289135356269689,47.14
"484230",0.000665083135391924,0.830731953758127,1,0,0.25552873136139,42.92
"485111",0,0,0,0,0.0972032821352137,27.35
"485112",0,0,0,0,0.094493825425739,37.73
"485113",0,0,0,0,0.150911770738265,38.16
"485119",0,0,0,0,0.108037960690276,39.78
"485210",0,0,0,0,0.158052844421194,39.68
"485310",9.50118764845606e-05,0.131188140812834,1,0,0.15066890447191,38.59
"485320",9.50118764845606e-05,0.0940379057630316,1,0,0.119942674081553,42.7
"485410",0,0,0,0,0.208978479616542,37.51
"485510",0,0,0,0,0.186969502654771,36.97
"485991",0,0,0,0,0.202491155950689,36.65
"485999",0,0,0,0,0.19036805372841,41.62
"486110",0,0,0,0,0.198524637709314,58.92
"486210",0.00484560570071259,23.7571074767741,1,1,0.25590565953496,59.68
"486910",0,0,0,0,0.162842734873996,39.57
"486990",0,0,0,0,0.157781618388774,56
"487110",0,0,0,0,0.172224024167846,43.46
"487210",0,0,0,0,0.18078940250836,45.08
"487990",0,0,0,0,0.157004306071769,47.14
"488111",0,0,0,0,0.156900983300736,38.7
"488119",0.00161520190023753,2.18774416924801,1,1,0.148282624994338,48.32
"488190",0.000285035629453682,0.335802453376551,1,0,0.194943094466573,44.43
"488210",0.0174821852731591,76.3381826295243,1,1,0.206015773317081,45.95
"488310",0,0,0,0,0.140015315077791,41.3
"488320",0,0,0,0,0.144300842754025,44.11
"488330",0,0,0,0,0.152012674849805,41.41
"488390",0,0,0,0,0.154660097384485,43.78
"488410",0.000475059382422803,0.936984994005858,1,0,0.258076033409415,44
"488490",0.000855106888361045,3.29639032923608,1,1,0.19425064725933,41.41
"488510",0.000380047505938242,0.224656276892564,1,0,0.137184309745419,32.43
"488991",0,0,0,0,0.150823957544007,33.41
"488999",0,0,0,0,0.159512531834636,37.51
"491110",0.000760095011876485,10.1675238441024,1,1,0.206867958147018,50.59
"492110",0.00370546318289786,0.643304472825047,1,0,0.198060062943103,39.57
"492210",0.000380047505938242,0.272823273916953,1,0,0.160744016608444,40.76
"493110",0,0,0,0,0.179505643014176,29.95
"493120",0,0,0,0,0.18398363964101,34.7
"493130",0,0,0,0,0.216630462723765,42.81
"493190",0,0,0,0,0.185515154643585,40.11
"512110",0,0,0,0,0.102897513445559,40.43
"512120",0,0,0,0,0.107735694122811,31.24
"512131",0.00190023752969121,2.76319987021284,1,1,0.271998849070912,50.92
"512132",0,0,0,0,0.177986272068253,37.73
"512191",0,0,0,0,0.118516447798369,40.43
"512199",0,0,0,0,0.119612994682862,36.32
"512230",0,0,0,0,0.127562403143127,37.95
"512240",0,0,0,0,0.157785262730488,39.14
"512250",0,0,0,0,0.128672854763758,37.84
"512290",0,0,0,0,0.144783370765274,39.46
"513110",0.000950118764845606,1.77346228754219,1,1,0.276794112327188,46.16
"513120",0,0,0,0,0.151870326412014,36.32
"513130",9.50118764845606e-05,0.295713200179303,1,0,0.137050480266077,34.59
"513140",0,0,0,0,0.139313471998524,37.19
"513191",0,0,0,0,0.107964704693651,36.32
"513199",0,0,0,0,0.125448507416331,38.27
"513210",0.00123515439429929,0.337016238134269,1,0,0.107023243074364,39.03
"516110",0.000950118764845606,2.96205024268876,1,1,0.279849363077999,47.14
"516120",9.50118764845606e-05,0.236988601096635,1,0,0.182202175907698,40.86
"516210",0.000190023752969121,0.13779791793508,1,0,0.129446524206822,42.38
"517111",0.0184323040380048,6.9290659402846,1,1,0.226049079469871,47.03
"517112",0.00171021377672209,3.41600841199392,1,1,0.221391076469449,45.73
"517121",0,0,0,0,0.181283763127669,40.97
"517410",0,0,0,0,0.14952965993145,45.19
"517810",9.50118764845606e-05,0.33893826799359,1,0,0.163754613452214,43.89
"518210",0.000760095011876485,0.264945404029757,1,0,0.116836274821737,33.19
"519210",0,0,0,0,0.177183030195048,34.7
"519290",0,0,0,0,0.104091897216392,37.08
"521110",0,0,0,0,0.105689233266719,32
"522110",0.00779097387173397,0.981347527296438,1,0,0.255764993646453,41.84
"522130",0.00237529691211401,1.32871383915449,1,1,0.263201457228973,45.84
"522180",9.50118764845606e-05,0.171286558445895,1,0,0.226920198123709,40.11
"522210",0,0,0,0,0.0994331974761824,35.68
"522220",0,0,0,0,0.13311133147193,29.51
"522291",0.000285035629453682,0.536623889261065,1,0,0.244973308250216,39.57
"522292",0.000475059382422803,0.448715487785552,1,0,0.147122547316872,38.16
"522299",0.000285035629453682,0.5479987319944,1,0,0.225100203873807,40.32
"522310",0,0,0,0,0.128373622243137,38.38
"522320",0.000190023752969121,0.253880291574714,1,0,0.122643637744181,34.16
"522390",0,0,0,0,0.148682976559962,38.81
"523150",0.000950118764845606,0.360081750831408,1,0,0.0961810319296687,35.03
"523160",0,0,0,0,0.158217412967348,43.46
"523210",0,0,0,0,0.131915715491111,36.76
"523910",0,0,0,0,0.181820526362203,54.92
"523940",0.000665083135391924,0.196639588326989,1,0,0.108559352253521,38.16
"523991",0,0,0,0,0.16938361026707,41.19
"523999",0,0,0,0,0.139258170867417,40.86
"524113",0.000190023752969121,0.14241160023424,1,0,0.115640438251281,26.49
"524114",0.000285035629453682,0.100600886028131,1,0,0.133295382278707,36.32
"524126",0,0,0,0,0.140452212767009,31.78
"524127",0.000665083135391924,1.82611867056701,1,1,0.215110729988381,52.22
"524128",0,0,0,0,0.130882778951551,35.89
"524130",0,0,0,0,0.10911588680839,31.24
"524210",0.00446555819477435,0.563513079941575,1,0,0.188374044673431,38.59
"524291",9.50118764845606e-05,0.217044676940975,1,0,0.173345504916888,39.46
"524292",9.50118764845606e-05,0.0696959596963654,1,0,0.144110778763684,34.49
"524298",0,0,0,0,0.139934521706059,34.81
"525110",0,0,0,0,0.126825971738975,38.59
"525120",0,0,0,0,0.126868242930951,37.51
"525190",0,0,0,0,0.139301016795993,39.46
"525910",0,0,0,0,0.126852698399928,39.46
"525920",0,0,0,0,0.180784387391559,43.14
"525990",0,0,0,0,0.129454678722819,43.03
"531110",0.00152019002375297,0.499653722751016,1,0,0.200105946802725,41.51
"531120",0.000285035629453682,0.202680267525956,1,0,0.176940462067713,43.03
"531130",0.000760095011876485,1.18610341443111,1,1,0.245634249292283,47.14
"531190",0.00142517814726841,3.68796492489745,1,1,0.267090317495131,50.05
"531210",0.00209026128266033,0.653939731350382,1,0,0.196564111409553,46.59
"531311",0.00484560570071259,1.46492453191897,1,1,0.187418685842724,48.54
"531312",0,0,0,0,0.141606195208123,39.03
"531320",0.000475059382422803,2.62544722157733,1,1,0.239368411094032,44.65
"531390",0.000285035629453682,0.387064951556233,1,0,0.162789099698788,44.54
"532111",0,0,0,0,0.178873467066896,41.84
"532112",0,0,0,0,0.118555840496213,32.65
"532120",0,0,0,0,0.180186622197074,32.65
"532210",0,0,0,0,0.230488912495322,38.81
"532281",0,0,0,0,0.16184566124416,34.16
"532282",0,0,0,0,0.165215466205569,37.08
"532283",0.000855106888361045,4.49251279582848,1,1,0.262193702474471,46.05
"532284",0.0057957244655582,47.5027823059198,1,1,0.214392890709656,48.76
"532289",0.000380047505938242,1.02717228744897,1,1,0.264284651115078,45.51
"532310",0,0,0,0,0.248632538984819,43.35
"532411",0,0,0,0,0.159652923331543,40.54
"532412",0.00275534441805226,4.83797661126126,1,1,0.237453411259652,52.65
"532420",0,0,0,0,0.139797041073078,38.49
"532490",9.50118764845606e-05,0.19411312310483,1,0,0.189313375259469,46.16
"533110",0,0,0,0,0.145319434304777,38.92
"541110",0.00199524940617577,0.270322582617463,1,0,0.115846326868769,36.32
"541191",0.000380047505938242,1.02025972292982,1,1,0.260229345054381,48
"541199",0,0,0,0,0.150549312205208,44.86
"541211",0.00123515439429929,0.387267537026712,1,0,0.162668281193329,40.76
"541213",0.000475059382422803,0.569402587373669,1,0,0.250012348183192,43.24
"541214",0.000475059382422803,0.354186547157653,1,0,0.150499796339105,42.16
"541219",0.00494061757719715,2.12572281431863,1,1,0.224543406067582,50.27
"541310",0,0,0,0,0.143741506284725,40.11
"541320",9.50118764845606e-05,0.316291035061734,1,0,0.196115101185863,40
"541330",0.00304038004750594,0.438530051782845,1,0,0.163692650580135,41.19
"541340",0.00104513064133017,10.4653834087237,1,1,0.240876623652672,46.38
"541350",0.000190023752969121,0.898399671406094,1,0,0.212841270141585,43.14
"541360",0,0,0,0,0.208208023560995,48.76
"541370",9.50118764845606e-05,0.275414818285323,1,0,0.241334391026329,43.68
"541380",0.00323040380047506,3.14924462232033,1,1,0.199953428665099,50.27
"541410",0.000190023752969121,0.288866733674171,1,0,0.165164278385453,44.65
"541420",0,0,0,0,0.148250546610156,36
"541430",0.000285035629453682,0.389684644546532,1,0,0.180218709967435,42.05
"541490",0,0,0,0,0.147887495712793,41.62
"541511",0.00104513064133017,0.157121139396885,1,0,0.115888586674777,41.41
"541512",0.00114014251781473,0.164762859986432,1,0,0.119534945963202,39.68
"541513",0,0,0,0,0.152530973902835,38.59
"541519",0.000285035629453682,0.334034870060626,1,0,0.142340987460961,38.81
"541611",0.00142517814726841,0.247334890152976,1,0,0.121366021749007,41.19
"541612",0,0,0,0,0.116954031770409,32.22
"541613",0.000380047505938242,0.165618198237542,1,0,0.125570812885748,40.65
"541614",0,0,0,0,0.159041168575275,34.27
"541618",9.50118764845606e-05,0.110897647466357,1,0,0.143637102508851,43.57
"541620",0.000285035629453682,0.410942397291697,1,0,0.20252493585902,47.89
"541690",0.00342042755344418,2.22985889421668,1,1,0.198405974581134,56.54
"541713",0,0,0,0,0.125650784982811,41.84
"541714",9.50118764845606e-05,0.0569694404902187,1,0,0.110294398121118,37.73
"541715",0,0,0,0,0.131522751766705,39.03
"541720",0,0,0,0,0.148332731129515,43.24
"541810",9.50118764845606e-05,0.0687117405259626,1,0,0.104566326464187,37.3
"541820",0,0,0,0,0.115403640822469,42.59
"541830",0,0,0,0,0.108188798462363,35.57
"541840",0,0,0,0,0.137627105561406,38.49
"541850",0,0,0,0,0.170497726563718,37.41
"541860",0,0,0,0,0.115409911324168,30.27
"541870",0,0,0,0,0.154260703649795,39.78
"541890",0.000285035629453682,0.465415494521724,1,0,0.145834644521369,37.41
"541910",0,0,0,0,0.123970239989151,39.78
"541921",0.000190023752969121,0.569808079196448,1,0,0.21346138427854,40.65
"541922",0,0,0,0,0.177385377313621,42.16
"541930",0,0,0,0,0.126294526059698,37.95
"541940",0.00323040380047506,1.1559810400644,1,1,0.266142940174852,45.3
"541990",0.00218527315914489,1.08417821682329,1,1,0.182197166572889,50.27
"551111",0,0,0,0,0.172282533906393,41.95
"551112",0,0,0,0,0.168348744180861,37.08
"551114",0.00418052256532067,0.289615093980037,1,0,0.15150134811376,32.11
"561110",0.00180522565320665,0.482408047464079,1,0,0.178734646815519,42.16
"561210",0,0,0,0,0.198794604412767,40.65
"561311",0,0,0,0,0.142514047444784,33.41
"561312",0,0,0,0,0.125081546743153,34.81
"561320",0.000760095011876485,0.050517100005201,1,0,0.174848867614535,30.05
"561330",0,0,0,0,0.165698716253445,34.27
"561410",9.50118764845606e-05,0.255517445612421,1,0,0.18049602307634,41.19
"561421",9.50118764845606e-05,0.43632498266709,1,0,0.18070373442025,39.57
"561422",9.50118764845606e-05,0.0505069521580407,1,0,0.189670600545226,41.3
"561431",0,0,0,0,0.212537818311254,40.22
"561439",0,0,0,0,0.14975185914271,40
"561440",0.000475059382422803,0.913109672090124,1,0,0.179602475203156,37.73
"561450",0,0,0,0,0.114284101918712,33.95
"561491",0,0,0,0,0.187630105137145,40.54
"561492",9.50118764845606e-05,0.726538419179838,1,0,0.209378173310194,47.03
"561499",9.50118764845606e-05,0.159736291622474,1,0,0.15129616353284,37.73
"561510",0.000285035629453682,0.483979165906555,1,0,0.152076102190368,44.11
"561520",9.50118764845606e-05,0.587336749717828,1,0,0.165002925139412,44.22
"561591",0,0,0,0,0.222968331678438,42.16
"561599",0.00285035629453682,6.14844880605435,1,1,0.165269871925132,52.86
"561611",9.50118764845606e-05,0.343835426751422,1,0,0.164807959485406,38.27
"561612",9.50118764845606e-05,0.0200905814478977,1,0,0.141289017250781,39.68
"561613",0,0,0,0,0.159481890757559,38.92
"561621",0,0,0,0,0.164589016969042,38.05
"561622",0,0,0,0,0.210039043393542,40.22
"561710",0.000380047505938242,0.418812846456903,1,0,0.231714871378831,39.57
"561720",0.00560570071258907,0.681367799371438,1,0,0.206521284810034,38.05
"561730",0.00541567695961995,0.734682847554938,1,0,0.239254027765465,39.57
"561740",0.000285035629453682,1.06029680187202,1,1,0.238067008884884,47.78
"561790",0.000190023752969121,0.203992885416231,1,0,0.19496980335585,42.16
"561910",0,0,0,0,0.160908014334791,29.51
"561920",0,0,0,0,0.125937016035669,41.95
"561990",0.000950118764845606,0.756925679882037,1,0,0.200233697755494,38.81
"562111",0.00142517814726841,1.26548313305441,1,1,0.26188641796858,44.32
"562112",0,0,0,0,0.146380298494657,37.73
"562119",0,0,0,0,0.201071740226344,41.41
"562211",0,0,0,0,0.162465924528079,38.7
"562212",0,0,0,0,0.228034550506414,40.97
"562213",0,0,0,0,0.118428339565361,31.14
"562219",0,0,0,0,0.185868831586703,40.65
"562910",0.000190023752969121,0.319238593784855,1,0,0.199735104995855,42.81
"562920",0,0,0,0,0.188898608549505,36.86
"562991",0.00114014251781473,5.07999376624954,1,1,0.272650787012848,48.32
"562998",0,0,0,0,0.196437042894302,40.97
"611110",0.00133016627078385,0.177114456386087,1,0,0.204992269089615,35.89
"611210",0,0,0,0,0.166827345869942,34.59
"611310",0.000475059382422803,0.0429163514370389,1,0,0.183465247752129,31.03
"611410",0,0,0,0,0.120113496404294,37.19
"611420",0,0,0,0,0.133884522462239,42.27
"611430",0.000380047505938242,1.14317536957192,1,1,0.168027860094274,47.03
"611511",0,0,0,0,0.192028283684247,38.49
"611512",0,0,0,0,0.176758232200022,43.89
"611513",0,0,0,0,0.175349231560969,41.3
"611519",0,0,0,0,0.180657352890466,43.57
"611610",0.000665083135391924,0.662693834311497,1,0,0.201453170528655,42.81
"611620",9.50118764845606e-05,0.0669381025479023,1,0,0.18043648066171,41.19
"611630",0,0,0,0,0.121303599844701,43.35
"611691",0,0,0,0,0.125728789051548,41.3
"611692",0,0,0,0,0.202985689218681,36.65
"611699",0.000950118764845606,1.50169058815384,1,1,0.19573445421219,47.46
"611710",0.00142517814726841,1.00678547601458,1,1,0.158977732014297,48.11
"621111",0.0103562945368171,0.61590653345783,1,0,0.233202866216171,37.95
"621112",9.50118764845606e-05,0.168118802891247,1,0,0.18520809972702,39.14
"621210",0.0102612826603325,1.62897118412386,1,1,0.241263125304826,45.95
"621310",0.00247030878859857,2.5633664188023,1,1,0.271271589535709,46.92
"621320",0.00190023752969121,2.02520008095016,1,1,0.286031897102893,47.35
"621330",0.000380047505938242,0.218903510857919,1,0,0.193301719329146,39.68
"621340",0.00513064133016627,1.73448268316534,1,1,0.244137866901236,44.65
"621391",0,0,0,0,0.23125591640112,39.89
"621399",0.000285035629453682,0.236120325350594,1,0,0.219214238981992,45.62
"621410",0,0,0,0,0.201626510074746,40.97
"621420",0.00323040380047506,1.65704505180142,1,1,0.253496187259958,42.05
"621491",0,0,0,0,0.125579838648679,42.05
"621492",0,0,0,0,0.248021743510853,39.35
"621493",0.0040855106888361,3.682223086429,1,1,0.235551182401228,46.59
"621498",0.000665083135391924,0.41278246335309,1,0,0.220894888587522,43.24
"621511",0.000855106888361045,0.632676039753429,1,0,0.154305027833664,37.95
"621512",0.000380047505938242,0.733447567981169,1,0,0.165699103381538,39.46
"621610",0.00997624703087886,0.952657621935608,1,0,0.21548762944532,41.41
"621910",0.000190023752969121,0.178081298196842,1,0,0.268726624068831,43.35
"621991",0,0,0,0,0.191426558437162,39.14
"621999",0.000760095011876485,1.0627886162931,1,1,0.199858379440917,48.22
"622110",0.0142517814726841,0.485348411271088,1,0,0.254124541799942,39.46
"622210",0,0,0,0,0.182166683564361,37.95
"622310",0,0,0,0,0.175660919845385,41.3
"623110",0.0057957244655582,0.662353848445336,1,0,0.279649417093781,40.76
"623210",0.00532066508313539,2.23764606510464,1,1,0.254355101541056,41.41
"623220",0,0,0,0,0.234402222923527,39.68
"623311",0,0,0,0,0.2408998800723,39.24
"623312",0.0026603325415677,0.910982398723176,1,0,0.251876605826101,40.43
"623990",0.00228028503562945,2.36511442839394,1,1,0.241396844573441,44.54
"624110",0.00446555819477435,3.00970089996872,1,1,0.241658508353256,44.11
"624120",0.00893111638954869,0.609886299407989,1,0,0.217912715257961,40.32
"624190",0.00199524940617577,0.587612596225344,1,0,0.235685183395038,41.51
"624210",0,0,0,0,0.227378601151866,42.7
"624221",0.000475059382422803,0.855671778207059,1,0,0.244653315246814,44.11
"624229",0,0,0,0,0.204171752117339,38.81
"624230",0,0,0,0,0.169824677160791,36.32
"624310",0.00351543942992874,2.08826040984922,1,1,0.264753362186318,44.54
"624410",0.0136817102137767,1.90643814995528,1,1,0.261286934410758,45.84
"711110",0.000285035629453682,0.585551026728514,1,0,0.177023509094571,40.65
"711120",0,0,0,0,0.159966200003597,38.7
"711130",9.50118764845606e-05,0.262303565533428,1,0,0.158708909564527,39.46
"711190",0,0,0,0,0.154646977553906,38.49
"711211",0,0,0,0,0.12387618400524,32.22
"711212",0.00171021377672209,11.3048738873339,1,1,0.185589602520119,40.76
"711219",0,0,0,0,0.164111270661982,38.05
"711310",0,0,0,0,0.167624466202012,41.51
"711320",0,0,0,0,0.169255641172576,42.05
"711410",0,0,0,0,0.12761175125104,40.86
"711510",0.000760095011876485,0.361791303936583,1,0,0.196170996182136,48.65
"712110",0,0,0,0,0.207308279101945,41.95
"712120",0,0,0,0,0.159197233695362,34.81
"712130",0,0,0,0,0.156933170219769,38.59
"712190",0,0,0,0,0.192795954646811,38.16
"713110",0.00446555819477435,3.67485768542205,1,1,0.159714690603982,51.46
"713120",0,0,0,0,0.2013748138866,38.49
"713210",0,0,0,0,0.143210395597418,37.95
"713290",0.00247030878859857,5.97473923210377,1,1,0.221076744099126,51.14
"713910",9.50118764845606e-05,0.0368855352968984,1,0,0.249236999952959,40.11
"713920",0,0,0,0,0.181228382262212,45.19
"713930",0,0,0,0,0.196780075985583,39.46
"713940",0.00142517814726841,0.34423847110945,1,0,0.197993434353193,40.32
"713950",0.00275534441805226,6.78385393366533,1,1,0.259176365875364,45.3
"713990",0.000190023752969121,0.113749124999435,1,0,0.214187557270196,43.03
"721110",0.0251781472684086,2.79525819687657,1,1,0.262336218968216,53.08
"721120",0,0,0,0,0.139816564382336,35.89
"721191",0,0,0,0,0.219596152449965,42.16
"721199",0,0,0,0,0.22074670775653,45.19
"721211",0.000190023752969121,0.838521520923567,1,0,0.273843674739567,46.7
"721214",0.000285035629453682,1.21188968625468,1,1,0.240845196439434,46.16
"721310",0,0,0,0,0.23437896374593,43.68
"722310",0.000380047505938242,0.101885388782527,1,0,0.219398384681318,39.03
"722320",0.000285035629453682,0.212379313846386,1,0,0.173563898919737,38.92
"722330",0.000285035629453682,0.564112133171307,1,0,0.25146994615746,48.43
"722410",0.00389548693586698,1.57827657780014,1,1,0.264558127865422,48.11
"722511",0.02270783847981,0.731449895350618,1,0,0.240647811307896,42.59
"722513",0.0355344418052256,1.32382539801678,1,1,0.280105435850789,43.35
"722514",0.000190023752969121,0.395824881513305,1,0,0.248074331188124,38.81
"722515",0.00294536817102138,0.533546897595038,1,0,0.245091758216265,45.84
"811111",0.00817102137767221,2.72489537879454,1,1,0.286801484463389,46.38
"811114",0.000190023752969121,0.537328953982798,1,0,0.270755192678433,43.14
"811121",0.00190023752969121,1.10875747440582,1,1,0.277629858675226,44.86
"811122",0.000190023752969121,0.696549250038596,1,0,0.267830726019649,44.43
"811191",0.000285035629453682,0.546937104713627,1,0,0.27066388233678,43.78
"811192",0.00104513064133017,0.801191990195603,1,0,0.247971003494111,42.49
"811198",0,0,0,0,0.230794039299162,41.19
"811210",0.000950118764845606,1.37012527025816,1,1,0.180066133342116,42.92
"811310",0.00342042755344418,2.05054015459427,1,1,0.280631359090761,45.51
"811411",0,0,0,0,0.261904188486984,41.19
"811412",0,0,0,0,0.237010111255326,42.38
"811420",0,0,0,0,0.231772987870173,39.35
"811430",0,0,0,0,0.165662419017124,42.49
"811490",0.000190023752969121,0.386378714210063,1,0,0.254512846725371,42.59
"812111",9.50118764845606e-05,0.1687147563134,1,0,0.214560621898407,39.14
"812112",0.00541567695961995,1.19789662664704,1,1,0.243903995803627,42.92
"812113",0.00190023752969121,1.22983737517535,1,1,0.17301105077671,46.16
"812191",0.000190023752969121,1.62198465867333,1,1,0.210577243734682,45.51
"812199",0.00171021377672209,1.10575753160683,1,1,0.207755388175859,45.95
"812210",0.000855106888361045,1.31341527889673,1,1,0.286577039073905,43.03
"812220",0,0,0,0,0.243505586093042,38.05
"812310",0.000285035629453682,1.09840813993254,1,1,0.252732619318099,48.43
"812320",0.000570071258907363,0.986914723196351,1,0,0.219697632648191,42.05
"812331",0,0,0,0,0.196253747789845,40.43
"812332",0,0,0,0,0.189835404620152,36
"812910",9.50118764845606e-05,0.0724308019435819,1,0,0.238183899858232,42.59
"812921",0,0,0,0,0.131428440757883,35.78
"812922",0,0,0,0,0.136297411969591,38.27
"812930",0,0,0,0,0.0994559542370668,35.57
"812990",0.000380047505938242,0.29184949018163,1,0,0.200430464028502,42.81
"813110",0.00152019002375297,0.169261635483469,1,0,0.274479901404087,40.54
"813211",0,0,0,0,0.185337435061605,44.22
"813212",0,0,0,0,0.128191284028221,34.7
"813219",0,0,0,0,0.186609425546619,40.32
"813311",0,0,0,0,0.179796490958201,39.35
"813312",0,0,0,0,0.224777372843955,43.89
"813319",0.000285035629453682,0.379839384062441,1,0,0.212389823323639,40.76
"813410",0,0,0,0,0.248757044336379,40.76
"813910",9.50118764845606e-05,0.138213027321028,1,0,0.210105331726795,43.03
"813920",0,0,0,0,0.124874116509613,36.22
"813930",0,0,0,0,0.208180605179877,36
"813940",0,0,0,0,0.142393998592447,39.68
"813990",0.00209026128266033,3.32806992113237,1,1,0.201257448941267,49.08
"814110",0,0,0,0,0.200234807625942,44
"901149",0.00304038004750594,0.875043021278503,1,0,0.263795998564407,39.89
"901199",0.00522565320665083,0.36064227233483,1,0,0.218016034246078,44.54
"901200",0.0113064133016627,1.06397426614521,1,1,0.199066547361598,51.03
"902611",0,0,0,0,0.144094652230031,34.38
"902612",0.000665083135391924,0.0431619916246052,1,0,0.230783805440353,40.76
"902619",0,0,0,0,0.15420076742402,31.46
"902622",0.0358194774346793,14.0316531147687,1,1,0.167401573686419,46.16
"902999",0.0119714964370546,0.895252519665543,1,0,0.267725014400963,42.59
"903611",0.104038004750594,2.44837425859584,1,1,0.293638022100263,46.05
"903612",0,0,0,0,0.225480224872981,43.89
"903619",0.000380047505938242,1.08553989559684,1,1,0.202551550559431,48.76
"903622",0,0,0,0,0.224282689007274,42.7
"903999",0.0637529691211401,1.86290494967151,1,1,0.294553470722133,47.89
"999999",9.50118764845606e-05,0.0710131597561397,1,0,0.166867661154913,34.05
