"cbsa_geoid","industry_employment_share","location_quotient","industry_present","industry_comparative_advantage","industry_feasibility","industry_feasibility_percentile_score"
"10100",0.000678642714570858,0.791357844997653,1,0,0.280314335541962,65.73
"10140",0.000149588631264024,0.174433666392637,1,0,0.241331550245739,44.86
"10180",0.000633678335982924,0.738925375043994,1,0,0.301509630571816,75.35
"10220",0.000131573176615061,0.153426041818531,1,0,0.173341376147976,7.46
"10300",0.000169566249533693,0.197729348498453,1,0,0.282541421276242,67.14
"10420",0.000361051883439943,0.421018651312059,1,0,0.350152744957807,88.65
"10460",0.00011762399529504,0.137160054087604,1,0,0.183123996767068,10.92
"10480",0.00133312421580928,1.55454156345602,1,1,0.235913940745276,40.65
"10500",0.000195107309019961,0.22751249854198,1,0,0.271970190846825,61.08
"10540",0.0011723973694334,1.36711974627536,1,1,0.297449603204968,73.73
"10580",0.000282544997907074,0.329472630970479,1,0,0.28673039723042,69.73
"10620",0.000461556213700527,0.538215651294947,1,0,0.272991282108041,61.51
"10660",0.000672846889952153,0.78459939731706,1,0,0.216299057755676,28.22
"10700",8.70151623920468e-05,0.101467428905112,1,0,0.245678290442563,47.78
"10740",0.000524632371580797,0.611768068935541,1,0,0.321570256158869,82.16
"10760",0.00100247276615652,1.16897252539742,1,1,0.20128056597576,20.43
"10780",0.000869078482205986,1.01342291023821,1,1,0.280327722575172,65.84
"10820",0.000459939288013982,0.536330171941301,1,0,0.298103421786402,74.05
"10860",0.00117683176422431,1.37229064552803,1,1,0.16247668337787,4.86
"10900",6.10396269258002e-05,0.0711776411745719,1,0,0.312555593851638,79.57
"10940",0.0017637928601665,2.05673955805485,1,1,0.210375444853461,24.76
"10980",0.000300706660652533,0.350650747206368,1,0,0.251862469729535,52.32
"11020",0.000348492768775048,0.406373605100114,1,0,0.314693475535758,80
"11060",0,0,0,0,0.151690271585286,3.24
"11100",0.000635191026483135,0.740689306887206,1,0,0.379805034855948,94.92
"11140",7.40960284528749e-05,0.0864025681561038,1,0,0.208408545131514,23.57
"11180",4.27435670931525e-05,0.0498428059656389,1,0,0.195490388188332,16.43
"11200",0.00011403230915426,0.13297182817248,1,0,0.237165555222833,41.62
"11220",0.000389844549485893,0.454593464191717,1,0,0.18374493088233,11.14
"11260",0.00140755757534997,1.64133748970316,1,1,0.356476167824706,90.38
"11360",0.000119513579730497,0.139363477825424,1,0,0.267567090942755,58.81
"11380",0.0177383592017738,20.684506604608,1,1,0.140861904265156,1.62
"11420",0.000556544968833482,0.64898099946281,1,0,0.222899562603684,32.86
"11460",4.10431527708232e-05,0.0478599714271844,1,0,0.174102007831399,7.68
"11500",0.000524267537757345,0.611342640205356,1,0,0.236168940625193,40.76
"11540",0.000320676335544057,0.37393716662583,1,0,0.338341438301023,86.16
"11580",0.000255297421496043,0.297699530210564,1,0,0.197613292787654,17.84
"11620",0,0,0,0,0.250892914003691,52.11
"11660",0.000407083248524323,0.474695322546215,1,0,0.15844842363457,4.22
"11680",0.00869386637458927,10.137822467074,1,1,0.168714228415293,6.27
"11700",0.000238561000047712,0.278183372258881,1,0,0.394401934542796,96.65
"11740",0.000182781941144215,0.213140021903633,1,0,0.232488304335444,39.35
"11820",0.00266752518051787,3.11057192983567,1,1,0.27460527611667,62.59
"11860",0.00262735367099693,3.06372837206627,1,1,0.163870627024534,4.97
"11900",0.000530825813300978,0.618990173568169,1,0,0.170118043647098,6.7
"11940",0.000134922419608725,0.157331557432171,1,0,0.230553935209391,38.05
"11980",0.00710309877876547,8.28284577684418,1,1,0.311377357837629,79.14
"12020",0.000450454508599177,0.52527007443075,1,0,0.237013605359936,41.51
"12060",0.000566163774557238,0.660197383585958,1,0,0.408059131901008,97.73
"12100",0.00103313087593186,1.20472261180166,1,1,0.288469970329581,70.59
"12140",0,0,0,0,0.190759761614033,14.05
"12180",0.000330566370381253,0.38546982805087,1,0,0.239047767988593,42.81
"12220",0.00132881770502599,1.54951978834556,1,1,0.255706854662159,54.38
"12260",0.000852221811757735,0.993766531243268,1,0,0.260923602900854,55.68
"12300",0.000367548311398239,0.428594064882232,1,0,0.285024197196025,68.22
"12380",0.00150626714723761,1.75644164158232,1,1,0.194627568511443,16
"12420",0.000944416280545521,1.10127349267398,1,1,0.352896806765532,89.41
"12460",0.000192455735180908,0.224420527296916,1,0,0.199555691055037,19.57
"12520",0.00106044538706257,1.23657376440591,1,1,0.233431771244511,39.57
"12540",0.000489199001004145,0.570449603153036,1,0,0.241919914707014,45.41
"12580",0.00111231831165325,1.29706221427274,1,1,0.307707224329781,78.16
"12620",3.72356270479595e-05,0.0434200573367135,1,0,0.341870964359861,86.7
"12660",0.000996561861577557,1.16207988423417,1,1,0.244480989207522,46.7
"12700",0.00117921367887867,1.37506817014794,1,1,0.337164351185471,85.73
"12740",0.00023311230832988,0.271829712456304,1,0,0.241817368855616,45.19
"12780",9.15918666422422e-05,0.106804273661364,1,0,0.230544604344907,37.95
"12860",0.00139470013947001,1.62634457438602,1,1,0.244638076651572,46.81
"12900",0.00110303334168965,1.28623511237729,1,1,0.199270905228328,19.46
"12940",0.0137233642571721,16.002664924416,1,1,0.342069508805286,86.81
"12980",6.72133351256889e-05,0.0783767347650744,1,0,0.218567721148811,29.51
"13020",0.000186766275346852,0.217786110428053,1,0,0.288585130288602,70.7
"13060",0.00230689090638488,2.69004024816774,1,1,0.219491359032386,30.27
"13100",0.00140745953553835,1.64122316655141,1,1,0.217162923062044,28.86
"13140",0.0010955948190044,1.27756113245269,1,1,0.341628710001798,86.49
"13180",0.000200095045146445,0.233328643072415,1,0,0.193180901738262,15.35
"13220",0.000704556129638328,0.821575194810787,1,0,0.246874262447849,48.65
"13260",0,0,0,0,0.231067843016156,38.49
"13300",0.00010275380189067,0.11982008424114,1,0,0.164525339158672,5.3
"13340",0.000972987999814669,1.13459066193441,1,1,0.198171772813703,18.38
"13380",0.00215894286246045,2.51751965272351,1,1,0.400677298613098,96.97
"13420",0.000831983185181942,0.970166490207154,1,0,0.25208572688572,52.54
"13460",0.00184314735520428,2.14927396656711,1,1,0.421137005587058,98.92
"13540",0.000103503596749987,0.12069441182371,1,0,0.264961213494743,57.62
"13660",7.14949596053478e-05,0.0833694902291254,1,0,0.213668405601095,27.35
"13700",0.000353882086488782,0.412658029526073,1,0,0.219319982116715,30.05
"13740",0.00040539266522108,0.472723951851564,1,0,0.43570716916067,99.68
"13780",0.000840677179962894,0.980304462407483,1,0,0.265183964137614,57.73
"13820",0.000956266086124986,1.11509142132137,1,1,0.376216188250656,94.7
"13860",0.000701590271281572,0.818116739827954,1,0,0.187789607784216,12.76
"13900",0.000669468516383382,0.780659912858481,1,0,0.344625710351589,87.68
"13940",0.000315772854060313,0.368219270512534,1,0,0.249788511886448,51.03
"13980",0.000349195645891533,0.407193222416055,1,0,0.206797601232951,22.81
"14010",8.22842096601662e-05,0.0959507166818709,1,0,0.173172594252669,7.35
"14020",3.59234112871358e-05,0.0418898968938742,1,0,0.195138429051397,16.32
"14100",7.44989942635774e-05,0.0868724621794515,1,0,0.243312965733372,46.27
"14140",5.39942226181799e-05,0.062962072289343,1,0,0.246620338458373,48.43
"14180",0.00132485426603074,1.54489806549388,1,1,0.157575784474132,3.89
"14220",0.00157681333533564,1.83870477973647,1,1,0.205489960925379,22.05
"14260",0.000959189793671179,1.11850072470514,1,1,0.458184079758474,100
"14300",0.000382958353279081,0.446563546131078,1,0,0.210499388279385,24.86
"14380",0.000102824239100631,0.119902220301081,1,0,0.235895614710284,40.54
"14420",0.000238379022646007,0.277971170401616,1,0,0.147486462947499,2.38
"14460",0.000318832259467878,0.371786809687895,1,0,0.300276819921627,75.03
"14500",0.000177923766509273,0.20747495761106,1,0,0.273857072149191,61.95
"14540",0.000232424296086418,0.271027428906171,1,0,0.31890987846069,80.86
"14580",0.00306975882121261,3.57961217774733,1,1,0.406005622077169,97.62
"14620",0.000197993664202746,0.230878245743422,1,0,0.219708776123392,30.49
"14660",0.000577750197932938,0.673708185126976,1,0,0.33139456749245,83.46
"14700",0.000378107571604121,0.440907102688261,1,0,0.229031194802649,37.3
"14710",4.14714054659312e-05,0.0483593522097946,1,0,0.265780929375744,58.05
"14720",0.000179733275818685,0.209585006620435,1,0,0.228731798140939,37.08
"14740",0.00103513088957696,1.20705480583273,1,1,0.287129024249824,70.16
"14780",0.000105357425064531,0.122856140740112,1,0,0.236802219652498,41.3
"14820",0.000256169413372043,0.298716350397432,1,0,0.238056313703569,42.16
"14860",0.000188917544920984,0.220294682343204,1,0,0.331384644118621,83.35
"14940",0.00126497768719913,1.475076641978,1,1,0.227416575298989,35.89
"15020",0.000620818100296613,0.72392919490329,1,0,0.2204076270988,30.92
"15060",0.00214483976785264,2.50107418839152,1,1,0.264757726736597,57.19
"15100",0.00212765957446809,2.48104055283995,1,1,0.200933802745712,20.22
"15180",0.000741252093612784,0.864365956941491,1,0,0.250570079205556,51.57
"15220",0.000281293952180028,0.328013800234818,1,0,0.230096677804522,37.73
"15260",0.000630215992208239,0.734887973846946,1,0,0.293910263673873,72.11
"15340",0,0,0,0,0.250341592443207,51.35
"15380",0.000213459221350156,0.248912462737267,1,0,0.341723772067761,86.59
"15420",0.000197441162533565,0.23023397959145,1,0,0.224518149106261,33.73
"15460",0.000599186817890006,0.698705193138749,1,0,0.253575900080581,53.08
"15500",0.000146251312937923,0.170542056003384,1,0,0.277373465726178,64
"15540",0.00151566304870953,1.76739809949601,1,1,0.335110852325053,85.08
"15580",0.000218567291404841,0.254868927344905,1,0,0.284813579834657,68.11
"15620",5.23560209424084e-05,0.0610517832374229,1,0,0.253497322221514,52.97
"15660",7.00402731570653e-05,0.0816731962762933,1,0,0.149191329175305,2.92
"15700",0.000142460289194387,0.166121384690473,1,0,0.215407061114053,27.89
"15740",0.000251762336354481,0.293577306101404,1,0,0.210785622931477,25.08
"15780",0.00176584849019954,2.05913660574744,1,1,0.144339220254503,1.95
"15820",0.000951776649746193,1.10985633867523,1,1,0.240450479382814,44.11
"15860",0.000305250305250305,0.355949041463607,1,0,0.240553481316344,44.32
"15900",0.0013381369016984,1.56038680163171,1,1,0.209583014610658,24.32
"15940",0.000309310238168883,0.360683284823624,1,0,0.37653714310883,94.81
"15980",0.00255507608448785,2.97944626916676,1,1,0.390556140257096,96.11
"16020",0.000589167445451221,0.687021712551472,1,0,0.314720004308988,80.11
"16060",0.000321876899967812,0.375337131665999,1,0,0.192092306988626,14.81
"16100",0.00502022433231016,5.85402867182323,1,1,0.240673330899972,44.43
"16140",0.000388802488335925,0.453378328085061,1,0,0.208937198459317,24
"16180",0.000989033365331472,1.1533009871246,1,1,0.244912445979961,47.14
"16220",0.000900982070456798,1.05062533546696,1,1,0.388977755026873,96
"16260",0.000108389334489486,0.126391617150962,1,0,0.286401481684821,69.3
"16300",0.000363194526988655,0.423517164513337,1,0,0.335199497568608,85.3
"16340",0.000156850443102502,0.182901585732064,1,0,0.197908525359611,18.05
"16380",0.000660501981505945,0.770204134633274,1,0,0.208257635094677,23.46
"16460",0,0,0,0,0.185456604504026,12.32
"16500",0.00243174891381882,2.83563580466923,1,1,0.308113120572077,78.27
"16540",0.000368851249668034,0.43011340694428,1,0,0.283966218017016,67.89
"16580",0.000379832543391739,0.442918573418326,1,0,0.208581974629396,23.78
"16620",0.00179800083669346,2.09662910524202,1,1,0.262621143507914,56.11
"16660",0.000490196078431373,0.571612284232734,1,0,0.164182997628483,5.19
"16700",0.00136735313992354,1.59445553739557,1,1,0.413358584826928,98.27
"16740",0.000595650608946981,0.694581658576997,1,0,0.391568969144825,96.22
"16820",0.000284355090340381,0.331583359954248,1,0,0.222882857453524,32.76
"16860",0.000785076940838845,0.915469631840731,1,0,0.352536029165611,89.08
"16940",0.000278498198464779,0.324753702413473,1,0,0.282618661555939,67.35
"16980",0.000491316070075383,0.57291829423592,1,0,0.385131826093872,95.46
"17020",0.000762417311357776,0.889046485802947,1,0,0.321446594834918,82.05
"17060",9.29886553840431e-05,0.108433053732079,1,0,0.222441517430194,32
"17140",0.00071993940162441,0.83951345997822,1,0,0.363470351141696,92.65
"17220",0.000108906362309686,0.126994517635727,1,0,0.225458439882971,34.49
"17260",0.00428015564202335,4.99104266855352,1,1,0.190068975011923,13.73
"17300",0.000191232012238849,0.222993557361912,1,0,0.209397637248955,24.22
"17340",0.00211203862013477,2.46282512888769,1,1,0.226582177956277,35.24
"17380",0.000808407437348424,0.942675068581065,1,0,0.200469520022785,20
"17410",0.000426996384177011,0.49791581217782,1,0,0.354799058699398,89.84
"17420",0.000273106784752838,0.318466833866936,1,0,0.292465694226554,71.24
"17500",0.0108111104950934,12.6067176729934,1,1,0.227447949479265,36.11
"17540",0.000324720508419539,0.378653032372011,1,0,0.227854467650103,36.32
"17580",0.000234852043212776,0.273858398270262,1,0,0.200829610613524,20.11
"17650",0.000359367513176809,0.419054525575507,1,0,0.306280828383264,77.73
"17660",0.00132729353888118,1.54774247487873,1,1,0.429071607043323,99.35
"17740",0.00154872527996188,1.8059516056531,1,1,0.220964100895564,31.14
"17780",0.000314677455608002,0.366941938361135,1,0,0.246243170126945,48.22
"17820",0.00100479246602669,1.17167750203813,1,1,0.29989288285961,74.59
"17860",0.00137447192451366,1.60275667422544,1,1,0.269262388674513,59.57
"17900",0.000879150303463049,1.02516755081869,1,1,0.359724703075656,91.57
"17980",8.73697015316581e-05,0.101880853117096,1,0,0.226785750392291,35.46
"18020",1.86150409530901e-05,0.0217067956037747,1,0,0.182316916493809,10.38
"18060",0,0,0,0,0.269003966559157,59.46
"18100",0.000692712662787476,0.807764657685493,1,0,0.21080590937923,25.19
"18140",0.0011489739587993,1.33980596339092,1,1,0.28093314366858,66.16
"18180",0.000150268170889588,0.175226070115731,1,0,0.332706707082412,84
"18220",0.000147058823529412,0.17148368526982,1,0,0.175263684712459,8.11
"18260",0.000319402079307536,0.372451270368998,1,0,0.300168876025699,74.92
"18300",0.00125968622361339,1.46890632418016,1,1,0.284712998765588,68
"18340",0.000810509607915977,0.945126386681796,1,0,0.261517991061393,55.78
"18380",0.000103637682661416,0.120850767938105,1,0,0.181886769019011,10.05
"18420",0.00418975537234761,4.88562790307854,1,1,0.228289014627473,36.86
"18460",0.000116333178222429,0.135654846420984,1,0,0.216385656171719,28.43
"18500",0.000345845859160925,0.403287072756713,1,0,0.198302027603958,18.49
"18580",0.0102858465455387,11.994213127892,1,1,0.343010853636758,87.03
"18620",0.000630285204054835,0.734968681024073,1,0,0.254212987066481,53.41
"18660",0.000479054665460159,0.5586204044559,1,0,0.205205139016642,21.95
"18700",6.70465973851827e-05,0.0781823037100085,1,0,0.214760622737651,27.57
"18740",0.000700341416440515,0.816660463860476,1,0,0.24077447176678,44.65
"18820",0.00149735084082009,1.74604443421471,1,1,0.2038129054347,21.51
"18860",0.000540832882639265,0.630659307644552,1,0,0.167812182546642,5.95
"18880",0.000685155385698481,0.798952199549876,1,0,0.288227398135295,70.38
"18900",0.00108178277801817,1.26145506256467,1,1,0.270084829276433,60.22
"18980",0.000583009439200444,0.679840928832047,1,0,0.279637945114792,65.19
"19060",0.000101765633745484,0.118667792177762,1,0,0.245440863489295,47.46
"19100",0.00075004076308495,0.874614328263488,1,0,0.430470176885762,99.57
"19140",0.000501099635310821,0.584326802623145,1,0,0.191276419414781,14.49
"19180",0.000635391295139257,0.740922837976137,1,0,0.19913368157755,19.35
"19220",0.000696217219772569,0.811851283245377,1,0,0.240707630658509,44.54
"19260",0.000404781180056193,0.472010905690538,1,0,0.2628964518652,56.22
"19300",0.00136175666609927,1.58792955049544,1,1,0.404184713124937,97.41
"19340",0.000691995063079998,0.806927872517262,1,0,0.329974364676832,83.14
"19430",9.90036848688563e-05,0.115447113808903,1,0,0.294890804704313,72.43
"19460",0.00181493739228575,2.11637863742948,1,1,0.288448416339746,70.49
"19500",0.000884937539873639,1.03191598388375,1,1,0.242361782677338,45.73
"19540",0.00058981584638574,0.6877778057876,1,0,0.222467597109025,32.11
"19580",0.00135765303110796,1.58314434662652,1,1,0.229061460922638,37.41
"19620",0.000132036442058008,0.153966250583352,1,0,0.185958536652341,12.65
"19660",0.00111273840011127,1.29755207482781,1,1,0.399680863078524,96.86
"19700",0.0003315649867374,0.386634303658746,1,0,0.173734897401117,7.57
"19740",0.00075897388962399,0.885031149390782,1,0,0.413730567603027,98.38
"19760",0.001142313184198,1.33203890699832,1,1,0.232429317129736,39.24
"19780",0.000536058333912755,0.625091758608921,1,0,0.334071452478884,84.43
"19810",0.000172850887301221,0.201559528664688,1,0,0.255307115057668,54.05
"19820",0.000208665696687337,0.243322786069906,1,0,0.369872919016657,94.16
"19860",0.000321272238062728,0.374632042033582,1,0,0.252727637838734,52.65
"19940",0.000596614214333656,0.695705308276398,1,0,0.185844077390321,12.43
"19980",0.000149603550590934,0.174451063656527,1,0,0.179317109472074,9.41
"20020",0.000176025347650062,0.20526123214835,1,0,0.332208217147818,83.89
"20060",0,0,0,0,0.198635888396475,19.03
"20100",0.000121561333770954,0.141751341409233,1,0,0.249254096846306,50.49
"20140",0.000339919269173571,0.396376141010334,1,0,0.243777756969301,46.49
"20180",6.24161283275598e-05,0.072782764400011,1,0,0.25641718278794,54.59
"20220",0.00097094980815911,1.13221394894301,1,1,0.311124302196248,79.03
"20260",0.00105559973971513,1.23092330804625,1,1,0.300709255010569,75.14
"20300",0.000134246207544637,0.15654303394211,1,0,0.115284092590473,0.43
"20340",0.00029279147391228,0.341420934542009,1,0,0.218522185013422,29.3
"20420",0.000289435600578871,0.33750768736173,1,0,0.358131071525851,90.92
"20460",0.000203400862419657,0.23718352042852,1,0,0.193829566353152,15.46
"20500",0.000125742008833376,0.146626380862248,1,0,0.166230636711414,5.73
"20540",0.00492011427362184,5.73729142760736,1,1,0.182043547782852,10.16
"20580",9.23915554118354e-05,0.10773678198686,1,0,0.182625318325391,10.81
"20660",0.00242989745832726,2.83347684267575,1,1,0.303980636555039,76.65
"20700",0.000378769944604896,0.441679488597993,1,0,0.261827166922957,56
"20740",6.33278800992137e-05,0.0738459481662216,1,0,0.347871533553709,88.22
"20780",0.000377957517575025,0.440732126326547,1,0,0.250454683061803,51.46
"20820",0.000663825029697436,0.774079104774676,1,0,0.239572303392578,43.24
"20900",0.000532868284648549,0.621371877061597,1,0,0.226195928978059,35.03
"20940",0.000107087878990697,0.124874004131962,1,0,0.176118718202991,8.32
"20980",0.000161559588561581,0.188392868733068,1,0,0.242027718887902,45.62
"21020",0.000471549827098397,0.549869094546421,1,0,0.212381315896309,25.62
"21060",0.0001747807296301,0.2038098966916,1,0,0.21257599621138,25.95
"21120",0.000272553829381303,0.317822038657612,1,0,0.175013054903673,8
"21140",7.31213302232394e-05,0.0852659832138855,1,0,0.251905187845379,52.43
"21180",0,0,0,0,0.223932215562955,33.41
"21220",0.000726568176313877,0.847243201623718,1,0,0.210975722138794,25.3
"21260",0.000670414109638492,0.781762558808318,1,0,0.269744586217484,59.89
"21300",5.6471651231082e-05,0.0658509746913698,1,0,0.276879916478649,63.68
"21340",0.000467125718607422,0.544710190035573,1,0,0.28269617757686,67.46
"21380",5.53097345132743e-05,0.0644960763182952,1,0,0.188342395014621,12.97
"21420",0,0,0,0,0.253865012415892,53.19
"21460",0,0,0,0,0.239691989342523,43.57
"21500",0.000323129120857985,0.376797332746525,1,0,0.297704933950258,73.95
"21540",0.00450331125827815,5.25126199130893,1,1,0.275889339580897,63.03
"21580",9.22934933087217e-05,0.107622432841235,1,0,0.184005602128746,11.35
"21640",0.00207287802749291,2.41716039023137,1,1,0.170598816701827,6.81
"21660",0.0002957149762575,0.344829998643171,1,0,0.387206036685259,95.68
"21700",0.000604777744179014,0.705224711118704,1,0,0.295331309797183,72.65
"21740",0.000855106888361045,0.997130787507173,1,0,0.239855403420425,43.89
"21780",0.00100493519544613,1.17184393725265,1,1,0.356906491922395,90.49
"21820",0.000246641875996054,0.287606393296124,1,0,0.248921337504262,49.95
"21860",0.000211550666384599,0.246686917671838,1,0,0.19266554160011,15.14
"21900",0,0,0,0,0.249253886735152,50.38
"21980",0.00277330470567186,3.23392027687226,1,1,0.197925719918527,18.16
"22020",0.00334344847636872,3.89875869041482,1,1,0.336521110571165,85.62
"22060",0.000375492834345078,0.437858086176148,1,0,0.204237093926584,21.62
"22100",0.000940881292143641,1.09715138137191,1,1,0.254414649965626,53.51
"22140",9.75115063577502e-05,0.113707100771782,1,0,0.281553860829596,66.59
"22180",0.000100728265358542,0.11745812825073,1,0,0.153363131265892,3.46
"22190",0,0,0,0,0.21067050629929,24.97
"22220",0.00131511893606878,1.53354580373136,1,1,0.329052519351025,82.92
"22260",3.73538530499421e-05,0.0435579193842134,1,0,0.287030278875402,70.05
"22300",0.000146839797780621,0.171228281740333,1,0,0.208051530548675,23.24
"22340",0,0,0,0,0.127107354195021,0.65
"22380",8.11446809661627e-05,0.0946219247384256,1,0,0.278617152824817,64.32
"22420",0.000394733320844595,0.460294206989134,1,0,0.3110508120165,78.92
"22500",0.00687824303125377,8.02064394962982,1,1,0.27431096262526,62.27
"22520",0.00160878205734835,1.87598315673239,1,1,0.316023062848913,80.43
"22540",0.000415915707749896,0.484994756620592,1,0,0.293443528548187,71.89
"22580",0.00345693043519439,4.03108876109006,1,1,0.271141323191047,60.76
"22620",0.000247770069375619,0.288921967253414,1,0,0.177464020779809,8.65
"22660",0.000471100018543299,0.549344577711301,1,0,0.353780204652767,89.62
"22700",0.00196616132871113,2.29271921528026,1,1,0.225582156883575,34.59
"22780",0,0,0,0,0.113432970029069,0.32
"22800",6.46746863277713e-05,0.07541644417506,1,0,0.191272923424673,14.38
"22820",0.000670825786543235,0.782242610743125,1,0,0.177991304805059,9.08
"22840",0.000220986335678244,0.257689748407376,1,0,0.233984409252674,40
"22900",0.000204119502690666,0.238021518986501,1,0,0.334921432433352,84.86
"23060",0.00015415321206614,0.179756374128716,1,0,0.343650755384381,87.46
"23140",0.0046100953273949,5.37578172607062,1,1,0.182492431149664,10.59
"23180",0.000508247470313727,0.592661814821538,1,0,0.165554187183006,5.41
"23190",0.000597252637865817,0.696449766972791,1,0,0.156404359148797,3.68
"23240",0.000812017864393017,0.946885148059096,1,0,0.283676441292765,67.68
"23300",0.00254294462608335,2.96529990824143,1,1,0.204385879011293,21.73
"23340",0.00240315293665289,2.80229034854075,1,1,0.249020456888798,50.16
"23380",0.00069919776256716,0.815326861590519,1,0,0.218246459771355,29.19
"23420",0.00183845035348386,2.14379684424691,1,1,0.293745715754957,72
"23460",0.000445866554762904,0.519920111655246,1,0,0.273812053727398,61.84
"23500",0.000394380083805768,0.459882301142628,1,0,0.222694734826284,32.22
"23540",0.000467756930111268,0.54544623886465,1,0,0.246629053635405,48.54
"23580",0.00168258219105677,1.96204068526413,1,1,0.259825401755218,55.24
"23620",0.000159058374423413,0.185476230290246,1,0,0.232204049021523,38.92
"23660",0.000645161290322581,0.75231552247405,1,0,0.192159868045551,14.92
"23680",0,0,0,0,0.169086555233695,6.49
"23700",0.000222866057499443,0.259881671458609,1,0,0.213967595582395,27.46
"23780",0.000779288250064941,0.908719502858515,1,0,0.219542154151645,30.38
"23820",0.000282189792792066,0.329058430171871,1,0,0.266185124913873,58.59
"23900",5.21294896522963e-05,0.0607876275783129,1,0,0.281613164453924,66.7
"23940",0.00515976854752515,6.01674965454866,1,1,0.236236062051725,40.97
"23980",0.00221065042247986,2.57781527277289,1,1,0.28217112586828,67.03
"24020",0.000714464330368306,0.833129039284662,1,0,0.285996905571635,68.97
"24100",0.00343308348114665,4.0032810888646,1,1,0.222865370260838,32.65
"24140",0.000305956592408452,0.356772635191824,1,0,0.242807071688201,46.16
"24180",0.00353910939879939,4.1269167514984,1,1,0.331546127622022,83.68
"24220",0.000496842645126134,0.579362772940957,1,0,0.248066394239883,49.41
"24260",0.000447938363681157,0.522336025368889,1,0,0.286715823988759,69.62
"24300",0.00168553492507996,1.96548383610518,1,1,0.416912266310644,98.49
"24330",0.00016120365394949,0.187977817275891,1,0,0.264165976191606,56.76
"24340",0.000473809136923247,0.552503651015957,1,0,0.37536385115265,94.59
"24420",0.000111566675034167,0.130096679199484,1,0,0.309601546884082,78.59
"24460",0.00037602466721817,0.43847825067112,1,0,0.219121478548012,29.95
"24500",0.0010187910346389,1.18800107975017,1,1,0.32008928715428,81.3
"24540",0.001909177689895,2.22627121746719,1,1,0.365050557012438,92.86
"24580",0.000298087533142627,0.347596611270754,1,0,0.320382496420505,81.51
"24600",7.29713952130765e-05,0.0850911456388483,1,0,0.192435268361405,15.03
"24620",0.000105633802816901,0.123178421813533,1,0,0.225753721772231,34.81
"24640",0.000959429824561403,1.11878062210025,1,1,0.296219461078384,73.08
"24660",0.00128415369478013,1.49743757462952,1,1,0.365543411396229,93.19
"24700",0.000603621730382294,0.70387669607733,1,0,0.185427231767202,12.11
"24740",0.000118224271442927,0.137860029536535,1,0,0.24045644561176,44.22
"24780",0.000415973377703827,0.485062004922952,1,0,0.238083969451882,42.38
"24820",0.000568585643212509,0.663021498129227,1,0,0.250672646551684,51.78
"24860",0.000340443443059287,0.396987374443918,1,0,0.364617924928698,92.76
"24900",0.000445746306673459,0.519779891673678,1,0,0.199993883873209,19.89
"24940",0.00015862524785195,0.184971166133739,1,0,0.245797081521823,48
"24980",0.00106796857121062,1.24534646713608,1,1,0.222392567811967,31.89
"25060",0.000655226378006054,0.764052311108026,1,0,0.269264215507846,59.68
"25100",0,0,0,0,0.129433070238532,0.86
"25180",0.000491213211941563,0.572798352491358,1,0,0.337801958237267,85.95
"25200",0.000452079566003617,0.527165036091671,1,0,0.30077311426533,75.24
"25220",0.00195190218392075,2.27609178253759,1,1,0.316838971239084,80.54
"25260",0.00119036282258832,1.38806906465429,1,1,0.139703025963778,1.51
"25300",0.0045016077170418,5.24927551051025,1,1,0.266010874089615,58.38
"25420",0.000286733261604505,0.334356519447756,1,0,0.248474965869497,49.73
"25460",0.00016834072162056,0.196300273806427,1,0,0.280084896762837,65.62
"25500",4.06625281249153e-05,0.0474161291916876,1,0,0.247816902168208,49.08
"25540",0.000371610203835078,0.433330593215057,1,0,0.28670035574078,69.51
"25580",4.51773209848656e-05,0.0526807797530959,1,0,0.245518197841371,47.57
"25620",0.00128685407074838,1.50058645350353,1,1,0.290936148684729,71.03
"25700",0,0,0,0,0.227289136255239,35.78
"25720",0.0012595737764866,1.4687752008158,1,1,0.308274204257024,78.38
"25740",0.00073491439240456,0.85697563289808,1,0,0.333577749668643,84.22
"25770",6.84603272403642e-05,0.0798308386276975,1,0,0.227095120353297,35.68
"25775",0.001440329218107,1.67955214379495,1,1,0.237696967550006,41.95
"25780",0.0001271536652044,0.148272497912744,1,0,0.211761307745161,25.41
"25820",9.57029380801991e-05,0.111598149089365,1,0,0.124259607388883,0.54
"25840",0.00327701879857405,3.82129576989011,1,1,0.212467119815118,25.73
"25850",0.000103807665157995,0.12104898266773,1,0,0.279906372570235,65.3
"25860",0.000265877306485634,0.310036618351236,1,0,0.280667013634096,65.95
"25880",0.000812347684809098,0.947269748037999,1,0,0.217745924111946,28.97
"25900",0.000125143630758029,0.145928618734941,1,0,0.304278603837147,77.08
"25940",0.000793804453049371,0.925646688349,1,0,0.311901678706525,79.35
"25980",0.000468869530883696,0.546743630453342,1,0,0.099142904883751,0.22
"26020",0.000268103702512132,0.312632794400594,1,0,0.172300655430294,7.24
"26090",0.00125882779662463,1.4679053218599,1,1,0.311518729319612,79.24
"26140",0.00135985897758751,1.5857166766829,1,1,0.334532068224872,84.76
"26220",0,0,0,0,0.2167634516663,28.76
"26300",0.0012767834343153,1.48884319453334,1,1,0.366290339344244,93.51
"26340",0.00223956565999321,2.61153301489974,1,1,0.22700487654961,35.57
"26380",0.0103588163832003,12.0793024572871,1,1,0.268716007544335,59.24
"26420",0.00233126131130746,2.7184583107317,1,1,0.419835126763582,98.7
"26460",0.00125282896863886,1.46091015417386,1,1,0.278888626273624,64.65
"26500",0.000679071030829825,0.791857299901383,1,0,0.221751502088949,31.68
"26540",0.000453808752025932,0.529181420994712,1,0,0.208121780017487,23.35
"26580",0.00104028316638642,1.21306281945349,1,1,0.335165443134932,85.19
"26620",0.000222591305241169,0.259561285856071,1,0,0.212902927320696,26.16
"26660",0.00374889013121115,4.37153976852789,1,1,0.170964948930695,7.03
"26700",0,0,0,0,0.201580988777871,20.54
"26740",3.31840053094408e-05,0.0386955055528381,1,0,0.256007344418275,54.49
"26780",0.000736251911423232,0.858535299193074,1,0,0.234193789139403,40.22
"26820",0.000276597627898743,0.322537467868975,1,0,0.367978456492062,93.84
"26860",9.65064659332175e-05,0.112535134128043,1,0,0.28322326526229,67.57
"26900",0.000315283360920627,0.367648477917483,1,0,0.35948314026253,91.35
"26980",0.000193827069334712,0.226019625051044,1,0,0.177130796936442,8.43
"27020",0.000313617261494073,0.365705657603581,1,0,0.229003155812936,37.19
"27060",3.45387351915173e-05,0.0402752412473587,1,0,0.184407875705519,11.68
"27100",0.000504655857263789,0.588473674136845,1,0,0.254515847150559,53.62
"27140",0.000969740852919405,1.13080419946416,1,1,0.331667403844692,83.78
"27180",0.000265745415891576,0.30988282217241,1,0,0.29528775470897,72.54
"27220",0.00127694506095893,1.48903166559425,1,1,0.285917239901943,68.86
"27260",0.0015044815851454,1.75435951716093,1,1,0.42508652186807,99.14
"27300",0.000609310260784792,0.71051002914622,1,0,0.188188117538318,12.86
"27340",0.00131654321980242,1.53520664541125,1,1,0.148586713321135,2.81
"27380",0.0013322971022538,1.55357707538773,1,1,0.224951339975471,34.05
"27420",0.00207023462659101,2.41407794935892,1,1,0.205842454769543,22.27
"27460",0.000336254129002908,0.392102261154562,1,0,0.271690019732605,60.97
"27500",0.00145274647610821,1.69403177250331,1,1,0.306487239690622,77.95
"27540",0.000133515804933409,0.155691319447882,1,0,0.202659403002303,21.3
"27600",0.000259330926210377,0.302402955930741,1,0,0.168952160616327,6.38
"27620",0.000269040461345904,0.31372513862836,1,0,0.244358920986987,46.59
"27700",0.00287726957039389,3.35515256823182,1,1,0.209978823691894,24.54
"27740",0.000925482339619355,1.07919483130042,1,1,0.282589748441902,67.24
"27780",0.00118919748350468,1.38671017549786,1,1,0.305472129291141,77.51
"27860",0.000278058275160615,0.324240712661322,1,0,0.295507534287167,72.76
"27900",0.000312314563228083,0.364186595407345,1,0,0.317437005899598,80.65
"27940",0.000718612052150703,0.837965652278353,1,0,0.207840330354948,23.14
"27980",0.000702798308598737,0.819525418927373,1,0,0.299672970301181,74.49
"28020",0.000129063605581621,0.150499658491559,1,0,0.295959404467509,72.97
"28060",0.00317819525101087,3.70605871222261,1,1,0.420083847117409,98.81
"28100",0.000153836010812474,0.17938648921705,1,0,0.248315738171455,49.62
"28140",0.000863520928457702,1.0069423076129,1,1,0.38152096826327,95.14
"28180",0.000754461730579114,0.879769570092318,1,0,0.238138321929505,42.49
"28260",2.89771080846132e-05,0.0337898887231173,1,0,0.286431499568377,69.41
"28300",8.42389015247241e-05,0.0982300614804799,1,0,0.302132497149907,76
"28340",0.000810460341473957,0.945068937622739,1,0,0.225299307407374,34.27
"28380",0.000380264283677156,0.443422021041839,1,0,0.174632410276122,7.78
"28420",5.31550866095692e-05,0.0619835649699887,1,0,0.264390401291826,57.08
"28450",0.000269630973245254,0.314413728093894,1,0,0.244972267692888,47.24
"28500",0.00151403728857551,1.76550231838981,1,1,0.303304492745912,76.54
"28540",0.00121995852141027,1.42258028526873,1,1,0.191498539538647,14.59
"28580",0.00296151865204915,3.45339450065115,1,1,0.264775952912694,57.3
"28620",0.00322012794641707,3.75495596958517,1,1,0.268424530556539,59.03
"28660",0.000776313056893363,0.905250162650244,1,0,0.223145751831622,32.97
"28680",0.00143614123706235,1.67466858491599,1,1,0.177837828986785,8.97
"28700",0.00284225124586616,3.3143180831063,1,1,0.312566893323014,79.68
"28740",0.000531718484602319,0.62003110780669,1,0,0.358377695802863,91.14
"28780",0.000285022089211914,0.332361140041265,1,0,0.189505420191513,13.62
"28820",0,0,0,0,0.184609255322469,11.89
"28860",0.0010086576447844,1.1761846447018,1,1,0.224347505687335,33.62
"28880",0.000731233601011154,0.852683502322695,1,0,0.355833588030973,90.27
"28900",0.000109958582267346,0.128221499816894,1,0,0.302724782001317,76.11
"28940",0.00085240726124704,0.993982781863898,1,0,0.343454107581381,87.35
"29020",2.55983617048509e-05,0.0298499695337201,1,0,0.241474995062857,44.97
"29060",0.00241481083981755,2.81588450188167,1,1,0.328819310869116,82.81
"29100",0.00329585110507949,3.84325591647755,1,1,0.292640973259927,71.46
"29180",0.00459787292336048,5.3615293144412,1,1,0.39256790001065,96.54
"29200",0.000102515035538546,0.119541661410071,1,0,0.238750916257301,42.7
"29260",8.28225940036442e-05,0.0965785207747869,1,0,0.238436945874554,42.59
"29300",0.000284920578388774,0.332242769380947,1,0,0.188450217291872,13.08
"29340",0.0229758417757235,26.7918777351661,1,1,0.323644843557867,82.38
"29380",0,0,0,0,0.276403557350166,63.14
"29420",0.000139569505613796,0.162750473582796,1,0,0.351120391880569,88.97
"29460",0.000935947586935132,1.09139824170382,1,1,0.366088797873544,93.41
"29470",0,0,0,0,0.21853404859527,29.41
"29540",0.000319592046021255,0.372672788475598,1,0,0.42978486191561,99.46
"29620",0.000252725080685589,0.294699951733327,1,0,0.264952811790787,57.51
"29660",0.000913505456993125,1.06522871949905,1,1,0.213543847881595,27.14
"29700",0.000114256800319919,0.133233604864784,1,0,0.236708728332694,41.19
"29740",0.00595180645368851,6.9403363919002,1,1,0.285864629897784,68.76
"29780",0.000610004066693778,0.711319068626338,1,0,0.184832021682927,12
"29820",0.000502067736839879,0.585455695224988,1,0,0.312313183335791,79.46
"29860",0.000138285809110269,0.161253569133885,1,0,0.200955375618802,20.32
"29900",0,0,0,0,0.18246508168836,10.49
"29940",0.000729827896398384,0.851044325552385,1,0,0.242466642026136,45.95
"29980",0,0,0,0,0.237558476768488,41.73
"30020",1.6875643383904e-05,0.0196785031276436,1,0,0.185894346500694,12.54
"30060",0,0,0,0,0.21823582660848,29.08
"30140",0.000551166636046298,0.642709384439524,1,0,0.293308234094633,71.78
"30150",0.000279841253688817,0.326319824416977,1,0,0.304363724193092,77.3
"30180",0.000661910715599029,0.771846844047436,1,0,0.184164533311301,11.46
"30260",4.9741345005969e-05,0.0580028382329276,1,0,0.198466441579555,18.7
"30280",0,0,0,0,0.216549143163447,28.65
"30300",0.00040710237058842,0.474717620575959,1,0,0.276482455593908,63.24
"30340",0.000309851453567848,0.361314390179371,1,0,0.337732685902692,85.84
"30380",5.27120341573981e-05,0.061466926352579,1,0,0.26677205806999,58.7
"30420",0,0,0,0,0.156908374135015,3.78
"30460",0.000519184972859372,0.60541591688193,1,0,0.301520699184065,75.46
"30500",0.000182917906443588,0.213298569551749,1,0,0.229234941557653,37.62
"30580",0.000164136233073451,0.191397465709442,1,0,0.152473079406269,3.35
"30620",0.000129433083096039,0.150930502178977,1,0,0.292384656763182,71.14
"30660",0.000210039907582441,0.244925238360592,1,0,0.14609487645428,2.05
"30700",0.000564213311543026,0.657922970003473,1,0,0.307470692540729,78.05
"30780",0.000312362102048203,0.364242029905404,1,0,0.360233077307938,91.89
"30820",0.000139596565924478,0.162782028315038,1,0,0.232324206613967,39.14
"30860",1.33971035462133e-05,0.015622215878713,1,0,0.302737904492007,76.22
"30900",0.000189071658158442,0.22047439210338,1,0,0.17548937528378,8.22
"30980",0.00118949032598058,1.38705165590525,1,1,0.357960144956102,90.7
"31020",0.000109125035465637,0.127249510010561,1,0,0.286060281225279,69.08
"31060",0,0,0,0,0.0358678359715286,0.11
"31080",0.000526434777446251,0.613869834696629,1,0,0.366299684996059,93.62
"31140",0.000514959643843849,0.600488806942726,1,0,0.362792630718056,92.54
"31180",0.000142500514585192,0.166168291078618,1,0,0.347769695667229,88.11
"31220",0.00560322185256523,6.53385570210346,1,1,0.239597309232083,43.35
"31260",0.00078007045797685,0.909631626947108,1,0,0.270475637055917,60.43
"31300",0.000339236040436936,0.395579435455179,1,0,0.232020280879426,38.81
"31340",0.000109160222015098,0.127290540660941,1,0,0.285218352385374,68.43
"31380",0.000850846592359398,0.992162902947994,1,0,0.146879089801871,2.16
"31420",0.000308569825611296,0.359819897840457,1,0,0.301637781925366,75.57
"31500",0.000894454382826476,1.04301347033522,1,1,0.195646331683467,16.65
"31540",0.000426850440894484,0.497745629312709,1,0,0.300111597193073,74.7
"31580",0.000715673244044576,0.834538740296845,1,0,0.194700505974066,16.11
"31620",0.000428678598220984,0.499877423570797,1,0,0.174832452661769,7.89
"31680",0.000321302345507122,0.374667149995109,1,0,0.189205721044775,13.41
"31700",0.00010320565746491,0.120346988082887,1,0,0.343057076422479,87.14
"31740",2.59841496687021e-05,0.030299832657783,1,0,0.177758527930844,8.86
"31820",0.000877053101578696,1.02272202664508,1,1,0.261629285173488,55.89
"31860",0.000226280911588815,0.263863695453158,1,0,0.276521468269798,63.35
"31900",0.000167985665223234,0.195886246425881,1,0,0.290128514355609,70.81
"31930",0.000109273694179355,0.127422859310276,1,0,0.240867104415998,44.76
"31940",0.000292269472453602,0.340812234351827,1,0,0.226620115065564,35.35
"31980",3.09837335398916e-05,0.0361297927137034,1,0,0.184322374932478,11.57
"32000",0.00219602404068424,2.56075960897605,1,1,0.206958671509671,22.92
"32020",0.000238369552262524,0.277960127091044,1,0,0.20203734595449,20.86
"32060",0,0,0,0,0.215115901354291,27.68
"32100",0.000104051054384018,0.121332796181477,1,0,0.26019079069796,55.46
"32140",0.000131865233731127,0.153766606426423,1,0,0.179797921793886,9.73
"32180",0.00048828125,0.56937942374745,1,0,0.158834756268743,4.32
"32260",0.00044404973357016,0.517801536338711,1,0,0.194327604263569,15.78
"32280",0.000235923246303869,0.275107516475647,1,0,0.178421590751995,9.3
"32300",0.000179823772702751,0.209690534046894,1,0,0.207043460465173,23.03
"32340",0.0025455656246818,2.96835622603293,1,1,0.179330237754205,9.51
"32380",0.000315767314574416,0.368212810978633,1,0,0.280768531234095,66.05
"32390",5.27148128624143e-05,0.061470166570099,1,0,0.213390088973581,26.92
"32460",0.00106014559332815,1.236224178212,1,1,0.231794683514812,38.59
"32540",0.00041726275631855,0.486565535219566,1,0,0.220641531932277,31.03
"32580",0.00117688286657127,1.37235023541575,1,1,0.294442196153347,72.32
"32620",0.00015495867768595,0.18069561877605,1,0,0.242385559947612,45.84
"32660",0.000245037980887037,0.285736108756378,1,0,0.222742828563838,32.43
"32700",0.000106974753958066,0.124742090269018,1,0,0.164118650885195,5.08
"32740",0.00213120830244626,2.48517868571163,1,1,0.285782807103937,68.65
"32780",0.000279472279240992,0.32588956735001,1,0,0.401711495951375,97.19
"32820",0.000758997100460515,0.885058215293324,1,0,0.320364546481821,81.41
"32860",9.78377849525487e-05,0.114087570671635,1,0,0.194062417977763,15.57
"32900",0.000282539084573366,0.329465735496735,1,0,0.21232152856758,25.51
"32940",0.000666376194991927,0.777053990714412,1,0,0.280966013350696,66.27
"33020",0.000213378854155553,0.248818747430871,1,0,0.219739930673957,30.59
"33060",0.000670960815888352,0.782400066985224,1,0,0.190206577739498,13.84
"33100",0.00102069295728014,1.19021889093477,1,1,0.446724582099165,99.89
"33140",0.000717681887503364,0.836880997459246,1,0,0.292750255813675,71.57
"33180",0.00714128762909251,8.3273773774182,1,1,0.18207430532054,10.27
"33220",0.00391192316701804,4.56165080797395,1,1,0.197289961017095,17.51
"33260",0.000239836910900588,0.279671197945743,1,0,0.209885042149834,24.43
"33300",0.00129345189975748,1.5082801097297,1,1,0.203594823787325,21.41
"33340",0.000244524594172534,0.285137454125131,1,0,0.344964227170963,87.78
"33380",0.0123516201475778,14.4030891253253,1,1,0.223717609294102,33.3
"33420",0.00314848669510461,3.67141589019684,1,1,0.230714359002792,38.38
"33460",0.000550213657733447,0.641598126854649,1,0,0.358049292723086,90.81
"33500",0.000409724119093144,0.477774812824956,1,0,0.27673036644468,63.57
"33540",0.000313512383739158,0.365583360800954,1,0,0.41841231140236,98.59
"33580",6.34356762243086e-05,0.0739716480483873,1,0,0.247431100782846,48.86
"33620",0.00167660208643815,1.95506735069169,1,1,0.198170153991968,18.27
"33660",0.0033932643702251,3.95684845924664,1,1,0.371601417030538,94.38
"33700",0.000130769647012139,0.152489054739311,1,0,0.342896170706097,86.92
"33740",0.00125738082544536,1.46621802459786,1,1,0.343197030372933,87.24
"33780",0.00034923822412363,0.407242872426691,1,0,0.277632035852648,64.11
"33860",0.000490823173119599,0.572343532488155,1,0,0.279025084338387,64.86
"33900",0.00233549959382616,2.72340052560925,1,1,0.196969637314103,17.41
"33910",0.000206179493976613,0.240423652288399,1,0,0.201769403867141,20.76
"33940",0.000458668841096728,0.53484871768999,1,0,0.35971481560501,91.46
"33980",0.00397056306691768,4.63003015371673,1,1,0.323373341301108,82.27
"34020",0.00461060896558021,5.37638067393922,1,1,0.213015417502375,26.38
"34060",0.00123616037837257,1.44147309342147,1,1,0.226217254542207,35.14
"34100",0.000686660233093312,0.800706985633709,1,0,0.248947723524814,50.05
"34140",0.000395726157499011,0.46145194295005,1,0,0.237902903620728,42.05
"34180",0.000125965737319449,0.146887268202231,1,0,0.194438297883303,15.89
"34220",5.35217298223079e-05,0.0624111036092259,1,0,0.198556008030165,18.92
"34260",0.000824946378485398,0.961960946902142,1,0,0.255345584138569,54.27
"34300",0.000733615911313988,0.855461488303961,1,0,0.157944193712137,4
"34340",0.000551555078903018,0.643162343405117,1,0,0.253197114817153,52.86
"34380",0.000540175557056043,0.629892807473208,1,0,0.199664112165252,19.68
"34420",0.0010117800101178,1.17982560075789,1,1,0.194196108085265,15.68
"34460",0.00130352603793261,1.52002745204299,1,1,0.241966019973891,45.51
"34500",0.0001411366202484,0.164577868813715,1,0,0.169846469737808,6.59
"34540",0.00216432538386148,2.52379615204358,1,1,0.265728556470633,57.95
"34580",0.0015714427498594,1.83244219876772,1,1,0.358364750044531,91.03
"34620",0.000597669090546867,0.696935387888103,1,0,0.279627699138818,65.08
"34660",0.00199434934352667,2.32558895097512,1,1,0.19658593398906,17.08
"34680",0.000372704479230196,0.434606615781749,1,0,0.249393007090854,50.59
"34700",8.59217253082442e-05,0.100192383884072,1,0,0.184561035180157,11.78
"34740",0.000868495331837591,1.01274290497339,1,1,0.281756673158134,66.81
"34780",0.000234584450402145,0.273546361221295,1,0,0.237590741978134,41.84
"34820",0.000456854647125471,0.532733205947689,1,0,0.360727630898343,92
"34860",0.0006912707861285,0.806083301087829,1,0,0.236640782137843,41.08
"34880",0.00273892203854055,3.1938270248825,1,1,0.241845125151815,45.3
"34900",0.00150541500022469,1.75544796227318,1,1,0.221944663846019,31.78
"34940",0.00189990089706132,2.21545365083348,1,1,0.365894523776113,93.3
"34980",0.000334171311513691,0.389673510466755,1,0,0.38223269495711,95.24
"35020",0.000209896625911738,0.244758159171911,1,0,0.249090100508067,50.27
"35060",0.00109829763866008,1.28071286088388,1,1,0.197509985895821,17.62
"35100",0.00101471334348047,1.18324612870094,1,1,0.232235577620206,39.03
"35140",0,0,0,0,0.18344045607215,11.03
"35220",0.000782115622759565,0.912016471225792,1,0,0.220405663515333,30.81
"35300",0.00051849896141159,0.604615966437749,1,0,0.274867825174981,62.92
"35340",0.00568324880399986,6.62717425466331,1,1,0.265687458671162,57.84
"35380",0.00355386739791188,4.14412589280853,1,1,0.355460649979574,90.05
"35420",0.00016859750957393,0.196599711429549,1,0,0.360839995177272,92.11
"35440",0.00037710945601961,0.439743211024711,1,0,0.246134862207434,48.11
"35460",0.00111077451277391,1.29526200728896,1,1,0.201674889181708,20.65
"35580",0.000264078695451244,0.307939277701136,1,0,0.198548928648291,18.81
"35620",0.000572694864925279,0.667813216612923,1,0,0.304094027209389,76.86
"35660",0.00165277060429425,1.92727772008404,1,1,0.293211477194461,71.68
"35700",0.000240081627753436,0.279956559590607,1,0,0.199797521354532,19.78
"35740",0.000313468705374247,0.36553242793748,1,0,0.283767427255037,67.78
"35820",0.00342857142857143,3.99801963371924,1,1,0.263221003367395,56.32
"35840",0.00155955063430689,1.81857493292365,1,1,0.392527855932086,96.43
"35900",0.000270831452559357,0.315813593888628,1,0,0.247844990889224,49.19
"35940",0.000413838768415825,0.482572860385192,1,0,0.221555120153674,31.57
"35980",0.000244876826956041,0.285548188920493,1,0,0.232011706941245,38.7
"36020",0.000429397192402973,0.500715368384875,1,0,0.278698244262177,64.43
"36100",0.000238508724201927,0.278122413967018,1,0,0.401642394845259,97.08
"36180",0.00235661063940392,2.74801788489915,1,1,0.268645331505051,59.14
"36220",0.000260853785782335,0.304178745817265,1,0,0.270146453260271,60.32
"36260",0.000224517287831163,0.261807153083695,1,0,0.353549798260106,89.51
"36340",0.000111875594339095,0.130456906621332,1,0,0.270890452797074,60.65
"36380",0.000558308325772908,0.651037230698459,1,0,0.249847235278537,51.14
"36420",0.000417504393581392,0.486847305788214,1,0,0.355390822301753,89.95
"36460",0.000945339140416624,1.10234962947344,1,1,0.236235695579003,40.86
"36500",0.00097947333929943,1.1421531453569,1,1,0.277097659704671,63.78
"36540",0.000630329064096025,0.735019825738269,1,0,0.34094361589784,86.38
"36580",0.00174464710547185,2.03441390296313,1,1,0.22155324339252,31.46
"36620",0.000343908520333591,0.401027963144967,1,0,0.23979844110222,43.78
"36660",0.000805565726839985,0.939361381045957,1,0,0.279230941164531,64.97
"36700",0,0,0,0,0.248677095834302,49.84
"36740",0.000581727543149107,0.678346123870736,1,0,0.37272111498914,94.49
"36780",0.000128152047475405,0.149436700556496,1,0,0.212523073073942,25.84
"36820",0.00129589632829374,1.51113053110338,1,1,0.196426309936772,16.97
"36830",0.00135422712323467,1.57914943293547,1,1,0.129030854551203,0.76
"36837",0.00249698944534958,2.91171207474505,1,1,0.296679842677034,73.3
"36840",0.00042244001351808,0.492602678199889,1,0,0.171958489659149,7.14
"36900",0.00035900197451086,0.418628274936197,1,0,0.221001144733247,31.24
"36940",0,0,0,0,0.196603973164713,17.19
"36980",0.000606201080464279,0.706884447989417,1,0,0.274701761675104,62.7
"37020",0.000216006048169349,0.251882289628421,1,0,0.257888411697594,54.92
"37060",6.17951490807972e-05,0.0720586472939767,1,0,0.23686984879836,41.41
"37100",0.000183915429986504,0.214461770842071,1,0,0.36240185826744,92.43
"37120",0,0,0,0,0.130822786877912,1.19
"37140",0.00374984225423209,4.37265002876622,1,1,0.302090235966636,75.89
"37220",6.48676699532953e-05,0.0756414802695107,1,0,0.239066513703928,42.92
"37260",0.00146865187886154,1.71257888864623,1,1,0.264185882124835,56.86
"37300",0.00333824677013787,3.89269303768654,1,1,0.229185883185676,37.51
"37340",0.00139105003655724,1.62208822931217,1,1,0.345815757619047,87.89
"37420",0,0,0,0,0.192805205895156,15.24
"37460",0.00232446776671522,2.71053643270519,1,1,0.36666184448206,93.73
"37500",0.000222494159528312,0.259448005303099,1,0,0.218714812191403,29.73
"37540",0.000627221409157433,0.731396023312635,1,0,0.244782219808439,47.03
"37580",0.00288194566478052,3.36060531073882,1,1,0.254947305224774,53.84
"37620",0.00140954969921216,1.6436604835447,1,1,0.273931309896825,62.05
"37740",0.00221055540204476,2.57770447048307,1,1,0.196639629293496,17.3
"37800",0.000182832068744858,0.213198475150339,1,0,0.168606071693771,6.05
"37860",0.00134284854554682,1.56588099797719,1,1,0.355540417785877,90.16
"37900",0.000591187953151143,0.689377804475663,1,0,0.278704927467671,64.54
"37940",0.000193892389723703,0.226095794442031,1,0,0.213561030216787,27.24
"37950",0.000409794078475566,0.477856391695432,1,0,0.255056625187256,53.95
"37980",0.000315425035234979,0.367813682785508,1,0,0.299503663264865,74.27
"38060",0.00068615900272146,0.800122506380636,1,0,0.404614262914192,97.51
"38100",0.00113306423057857,1.32125380336778,1,1,0.274104540917513,62.16
"38180",0.0018889857599535,2.20272562886546,1,1,0.216535868458615,28.54
"38210",0.00121079335793358,1.41189288840696,1,1,0.224239874661845,33.51
"38220",0.00239493454939142,2.79270697706567,1,1,0.215896360560951,28
"38240",0.000372937872937873,0.434878773630906,1,0,0.28506569276556,68.32
"38260",0.000293369841580286,0.342095362752233,1,0,0.18061841874571,9.95
"38300",0.000800317189932157,0.933241119577599,1,0,0.391687568445281,96.32
"38340",0.000414301058769372,0.48311193210893,1,0,0.286822197712974,69.95
"38380",0,0,0,0,0.188789142241331,13.19
"38420",0.000439024390243902,0.511941538464048,1,0,0.250630823823409,51.68
"38460",8.61227536315094e-05,0.100426800812549,1,0,0.222709659233818,32.32
"38500",0.000279746363297277,0.32620917376952,1,0,0.242572348226851,46.05
"38540",7.03449246136891e-05,0.082028447006925,1,0,0.335022497087098,84.97
"38620",0.00031333228889237,0.365373354170383,1,0,0.22516952295376,34.16
"38700",0.000960614793467819,1.12016240137827,1,1,0.177583596999589,8.76
"38740",0.000694789081885856,0.810185947279746,1,0,0.248213715224345,49.51
"38820",0.00208673877508434,2.43332325635887,1,1,0.302053120483439,75.78
"38860",0.000874033025095066,1.01920034849765,1,1,0.380839479822851,95.03
"38900",0.000810584015898284,0.945213153015928,1,0,0.425989493582884,99.24
"38920",0.00796838985841291,9.29185223839368,1,1,0.140886989000087,1.73
"38940",0.00223088041224156,2.60140524251458,1,1,0.422971788166215,99.03
"39020",0.000680296466038884,0.793286266492204,1,0,0.209298081218861,24.11
"39040",0.000444010301038984,0.517755554495505,1,0,0.290781366128319,70.92
"39060",0,0,0,0,0.274551900015036,62.49
"39150",0.000629012924435372,0.733485089678766,1,0,0.369534010839061,94.05
"39220",0,0,0,0,0.191649040532601,14.7
"39300",0.0004647610625694,0.541952790499364,1,0,0.359888590429928,91.78
"39340",0.000208279242548311,0.242872146126259,1,0,0.357889242410971,90.59
"39380",0.000338939965258654,0.395234185428895,1,0,0.300114841771913,74.81
"39420",4.52570601013758e-05,0.0527737626644993,1,0,0.147776332524835,2.59
"39460",0.00364056260324283,4.24522022328508,1,1,0.35988848004244,91.68
"39480",0.000906727921175119,1.05732550912904,1,1,0.305543560048301,77.62
"39500",0.000214638334406525,0.250287413572607,1,0,0.250703934023953,51.89
"39540",2.37388724035608e-05,0.027681639402606,1,0,0.303080730718466,76.43
"39580",0.000455517314595812,0.531173757115492,1,0,0.362224660414716,92.32
"39660",0.00054591493019258,0.636585427698034,1,0,0.387335518679275,95.78
"39700",0,0,0,0,0.135055968806132,1.3
"39740",0.000223074169567495,0.260124348664384,1,0,0.328582435214374,82.7
"39780",0.000587517512541239,0.68509774383568,1,0,0.205998060581787,22.49
"39820",0.000376383208290467,0.438896341493028,1,0,0.352879756971782,89.3
"39860",0.000126528890763391,0.14754395527222,1,0,0.244666293267927,46.92
"39900",0.000242867836646428,0.283205527299139,1,0,0.368959550834702,93.95
"39940",0.000857055402509948,0.999402928539142,1,0,0.223578202405811,33.19
"39960",0.000407232448281479,0.474869302750764,1,0,0.23936215336008,43.03
"39980",9.21517432038089e-05,0.107457139594665,1,0,0.22743003292699,36
"40060",0.000584277235471879,0.681319292194265,1,0,0.347308460879547,88
"40080",0.00111040282947091,1.29482859145561,1,1,0.249745350733193,50.81
"40090",0.00105448828559377,1.22962725355483,1,1,0.304606094358735,77.41
"40100",0.00206953642384106,2.41326378277065,1,1,0.205593338624054,22.16
"40140",0.000601673160133832,0.70160448962828,1,0,0.387460343045423,95.89
"40180",0.00256308025289058,2.98877984237426,1,1,0.271310653394927,60.86
"40220",0.000576486554652126,0.672234664521688,1,0,0.317562634046694,80.76
"40260",0.00279769190417905,3.26235792225152,1,1,0.252901514635708,52.76
"40300",0.00198807157057654,2.31826850861785,1,1,0.213458401532873,27.03
"40340",8.26626387417243e-05,0.0963919986937991,1,0,0.218960158981284,29.84
"40380",0.000328108117281681,0.382603286005154,1,0,0.281481865264809,66.49
"40420",0.00016576490558031,0.193296642901744,1,0,0.280026911554174,65.41
"40460",0.000189322226429383,0.220766577022866,1,0,0.202551684457169,21.08
"40540",0.00210328470419762,2.45261728328267,1,1,0.238066236935618,42.27
"40580",1.61350178291947e-05,0.018814867770863,1,0,0.245780259762466,47.89
"40620",0.000328823750469748,0.383437778036614,1,0,0.22285189187746,32.54
"40660",0.000140053220223685,0.16331452789747,1,0,0.198933723163114,19.14
"40700",0.000651526433358153,0.759737846132115,1,0,0.292503104323728,71.35
"40740",0.00164983300470806,1.92385221734441,1,1,0.265849864034241,58.16
"40760",0.000248323814253787,0.289567683097784,1,0,0.263984336906932,56.65
"40770",0.00024568012447793,0.28648490537256,1,0,0.166468943852803,5.84
"40780",0.000319463301653223,0.37252266107652,1,0,0.266073949745869,58.49
"40820",4.6279155868197e-05,0.0539656173562929,1,0,0.249610395321387,50.7
"40860",0.000934062132429253,1.0891996338317,1,1,0.334169055957815,84.54
"40900",0.00048024041726456,0.560003096662692,1,0,0.321403659385913,81.95
"40940",0,0,0,0,0.190942018743814,14.27
"40980",0.000266935923772385,0.311271060387868,1,0,0.280031145744784,65.51
"41060",0.000266995099348015,0.31134006437922,1,0,0.33393784983382,84.32
"41100",0.000156456979545858,0.182442772183218,1,0,0.36542559048806,93.08
"41140",0.00320777970994918,3.74055682613172,1,1,0.272760843819556,61.41
"41180",0.000506754176404915,0.590920501131354,1,0,0.350258935904422,88.86
"41260",0.000140696447414703,0.164064588087904,1,0,0.190866116846969,14.16
"41400",6.14665929067552e-05,0.0716755215338851,1,0,0.287549353520148,70.27
"41420",0.000938940687116795,1.09488846308064,1,1,0.315510751260821,80.22
"41460",0,0,0,0,0.227542587323573,36.22
"41500",0.000185279949180357,0.216052921745958,1,0,0.189145569255708,13.3
"41540",0.000186545016704258,0.217528103145531,1,0,0.296839214207223,73.41
"41620",0.000558941117105927,0.651775121749051,1,0,0.409534043080195,97.84
"41660",0.000180632871898451,0.210634015767321,1,0,0.304019258779511,76.76
"41700",0.00227927212243834,2.65783428636174,1,1,0.348801852916777,88.32
"41740",0.000706326446328839,0.823639541736035,1,0,0.338079215819233,86.05
"41760",0.00169561196177166,1.97723455834691,1,1,0.359343559673088,91.24
"41780",0.000733190271816881,0.854965154742952,1,0,0.250747391223173,52
"41820",6.44849266483959e-05,0.0751951674889426,1,0,0.216362964336294,28.32
"41860",0.000743144592855529,0.866572779604201,1,0,0.286379282540022,69.19
"41940",5.75833238694074e-05,0.0671472839930388,1,0,0.159792145854798,4.54
"42020",0.00127231889002616,1.48363713828063,1,1,0.349585514345556,88.43
"42100",0.00023875583511028,0.278410567293814,1,0,0.330003432478807,83.24
"42140",0.000216955036068775,0.252988894035858,1,0,0.306337947932992,77.84
"42200",4.45558791482536e-05,0.051956123226099,1,0,0.255313773539734,54.16
"42220",0.000781698948720549,0.911530592187379,1,0,0.386658558017475,95.57
"42300",0.0141622999575131,16.5145030425546,1,1,0.208502260520866,23.68
"42340",0.00117465308883485,1.36975011599145,1,1,0.314596654512884,79.89
"42380",8.16993464052288e-05,0.095268714038789,1,0,0.230642544638341,38.27
"42420",0.000480128034142438,0.559872047933475,1,0,0.263413407100508,56.43
"42460",0.00108515620538009,1.26538877930554,1,1,0.225663638340471,34.7
"42540",0.000141339682746774,0.164814657771531,1,0,0.321183256979927,81.84
"42580",0.000380597156939238,0.443810180911065,1,0,0.334231659190736,84.65
"42620",0.000291092567436445,0.339439858286855,1,0,0.272604460286215,61.3
"42660",0.000733421355253631,0.855234618610454,1,0,0.315962846406284,80.32
"42680",0.00167173252279635,1.94938900580282,1,1,0.365097233069613,92.97
"42700",0.000999697061496516,1.16573580656006,1,1,0.326297269132116,82.49
"42740",4.58211143695015e-05,0.0534315001757138,1,0,0.239706241685779,43.68
"42780",0,0,0,0,0.250001712656014,51.24
"42820",0.00203267334186554,2.3702781461672,1,1,0.227947340401411,36.43
"42860",0.00179291797400269,2.09070203466567,1,1,0.277333986074266,63.89
"42900",0.0007939308398024,0.925794066559015,1,0,0.19505577628357,16.22
"42940",0.000659184639307687,0.768667996307828,1,0,0.213292815099172,26.81
"42980",0.000121980970968529,0.142240675754425,1,0,0.205936808201181,22.38
"43020",5.91366055588409e-05,0.0689585487779289,1,0,0.246526918194294,48.32
"43060",0.000153321323163019,0.178786317579789,1,0,0.247472575344754,48.97
"43100",0.000134837520787451,0.157232557845491,1,0,0.22817003106015,36.65
"43140",0.00121533263654262,1.41718609153251,1,1,0.243605030630722,46.38
"43180",0.000146198830409357,0.170480856700991,1,0,0.213213702421757,26.59
"43220",0.000348999534667287,0.406964539262952,1,0,0.235252169496546,40.43
"43260",0.000386825817860301,0.451073354268537,1,0,0.319658925725397,81.08
"43300",0.000473172792564428,0.551761616820849,1,0,0.302933000584786,76.32
"43320",6.09997865007473e-05,0.0711311836907785,1,0,0.259711734785923,55.14
"43340",0.00225557525129762,2.63020162417223,1,1,0.352874234300765,89.19
"43380",0.0010176152712471,1.18663003492205,1,1,0.16589291785993,5.51
"43420",6.96653739869494e-05,0.0812360304554799,1,0,0.245618605781013,47.68
"43460",0.000770032160166689,0.897926077691317,1,0,0.219888845825748,30.7
"43500",0.00192149327477354,2.24063228625952,1,1,0.199123175919006,19.24
"43580",0.00119682962275442,1.39560992958011,1,1,0.294257719418212,72.22
"43620",0.000597832474055604,0.697125907610197,1,0,0.331515358667372,83.57
"43640",0.00141973610655119,1.65553874170177,1,1,0.403531457604965,97.3
"43660",0.000278512741957945,0.324770661421745,1,0,0.148420818167756,2.7
"43700",0.00278982219085073,3.25318113563532,1,1,0.295707889685875,72.86
"43740",7.53465943339361e-05,0.0878608393486119,1,0,0.296910436877674,73.51
"43760",0.00375108204289699,4.37409573276487,1,1,0.268328433205336,58.92
"43780",0.000242424242424242,0.282688256929643,1,0,0.304124577486197,76.97
"43890",0.000287568811108372,0.335330844583166,1,0,0.182559763690737,10.7
"43900",0.000794385611211246,0.926324370523597,1,0,0.299623290348071,74.38
"43940",0.00385232744783307,4.49215689181937,1,1,0.278318365000714,64.22
"43980",0.00266666666666667,3.10957082622607,1,1,0.269658163005465,59.78
"44020",0.000533285930139543,0.621858888899534,1,0,0.221373048724756,31.35
"44060",0.000338180588434224,0.394348684421636,1,0,0.411913536361868,97.95
"44100",5.54323725055432e-05,0.0646390831394001,1,0,0.159921153566263,4.65
"44140",0.000259384810783253,0.302465790141665,1,0,0.274460894563117,62.38
"44180",0.000271260551833033,0.316313961857244,1,0,0.362152992111607,92.22
"44220",0.000346753997303024,0.404346042709035,1,0,0.249758405010645,50.92
"44260",7.54204691153179e-05,0.0879469839229789,1,0,0.179440774769185,9.62
"44300",0.000123479656726554,0.143988276820989,1,0,0.202512007064648,20.97
"44340",0.000159897665494084,0.186454918425772,1,0,0.269001396128349,59.35
"44420",0.000495847279038056,0.57820208743512,1,0,0.27360770870581,61.73
"44460",0.000124018189334436,0.144616253803404,1,0,0.320452948875212,81.62
"44500",0.000270392068499324,0.315301232943157,1,0,0.227960040419601,36.54
"44540",0,0,0,0,0.197567534539948,17.73
"44580",0.00043624307464119,0.508698276767778,1,0,0.239409453464517,43.14
"44620",0.00268682664699839,3.13307915873738,1,1,0.254525834037308,53.73
"44660",6.93208863830672e-05,0.0808343272293442,1,0,0.213288163680977,26.7
"44700",0.000681354332382146,0.794519832861849,1,0,0.298659681027048,74.16
"44740",0,0,0,0,0.155048972217728,3.57
"44780",8.23282427036595e-05,0.0960020631321596,1,0,0.230562392650677,38.16
"44860",0.0041608027901854,4.85186661376521,1,1,0.247873529765859,49.3
"44900",0.000174794616325817,0.203826089815553,1,0,0.147436983683235,2.27
"44940",0.000321702018143994,0.37513320388448,1,0,0.22859500821723,36.97
"44980",0.00018595041322314,0.21683474253126,1,0,0.234129379683649,40.11
"45000",0,0,0,0,0.144070141247219,1.84
"45020",0.000284697508896797,0.331982650486769,1,0,0.158957633909502,4.43
"45060",0.000235203094777563,0.274267755659398,1,0,0.311015891606753,78.81
"45140",0.000320380795459746,0.373592540566774,1,0,0.138798617606443,1.41
"45180",0.000681719022687609,0.794945094237277,1,0,0.215317607971732,27.78
"45220",0.000299100362191845,0.34877766014453,1,0,0.234635362486211,40.32
"45300",0.00240577688591003,2.80535010706306,1,1,0.441376496140163,99.78
"45340",0.000152160681679854,0.17743290624388,1,0,0.27258668944568,61.19
"45380",0.00283446712018141,3.30524109930492,1,1,0.198369459591145,18.59
"45460",0.000238552965774666,0.278174003580978,1,0,0.314160632857271,79.78
"45500",0.00102362082603099,1.19363304665377,1,1,0.32109193225339,81.73
"45520",7.81188969611749e-05,0.0910935911127863,1,0,0.223219572504691,33.08
"45580",0.00143010368251698,1.66762825861248,1,1,0.183838323535966,11.24
"45620",0.00031791448100461,0.370716598262527,1,0,0.239649926296164,43.46
"45660",0.000468208633767207,0.545972965556127,1,0,0.212817227571367,26.05
"45700",0.00259230455875273,3.02285798572138,1,1,0.226169754000335,34.92
"45740",0.000101030511214387,0.117810573836611,1,0,0.185436214965332,12.22
"45780",0.000290318814236982,0.33853759314595,1,0,0.340916899936774,86.27
"45820",0.000242504587378445,0.282781946301751,1,0,0.245351170871503,47.35
"45860",0.00463896732553449,5.40944904723676,1,1,0.319664466924326,81.19
"45880",0.000356125356125356,0.415273881707542,1,0,0.150678505186665,3.03
"45900",0.00057246197681529,0.667541648335699,1,0,0.413173555481409,98.16
"45940",4.15526853422902e-05,0.0484541317844016,1,0,0.178136930868599,9.19
"45980",0.000397050482132728,0.462996223417098,1,0,0.151357879062204,3.14
"46020",0.000996157677529529,1.1616085696376,1,1,0.371375823314375,94.27
"46060",0.0010681625383628,1.24557265011021,1,1,0.310110208465713,78.7
"46100",9.28763815361753e-05,0.108302132426375,1,0,0.206672720814609,22.7
"46140",0.000861626634912337,1.00473339263353,1,1,0.399586240506135,96.76
"46180",0.000236206249739478,0.275437523685807,1,0,0.270702637420346,60.54
"46220",0.00154669646689179,1.80358582892762,1,1,0.251614010547981,52.22
"46300",0.00016198266785454,0.188886216868029,1,0,0.326527340751718,82.59
"46340",0.000757687044324692,0.883530573165571,1,0,0.354655917060306,89.73
"46380",0.00088129256242489,1.02766561555742,1,1,0.286820654273465,69.84
"46460",0.00117829000662788,1.37399108604142,1,1,0.206273380176923,22.59
"46500",0.00152905198776758,1.7830107948544,1,1,0.204845416596828,21.84
"46520",0.00148848436085688,1.73570532893037,1,1,0.282007791982855,66.92
"46540",0.000215556815187974,0.251358443963523,1,0,0.281135364566783,66.38
"46620",0.000510377679482817,0.595145828428774,1,0,0.22819297548298,36.76
"46660",0.000131021531204961,0.152782774140906,1,0,0.276622252707429,63.46
"46700",0.00072954602071199,0.850715633398247,1,0,0.350226883265618,88.76
"46780",0,0,0,0,0.179985670632629,9.84
"46820",0.000260756192959583,0.304064943894336,1,0,0.130705403194953,0.97
"46860",6.13120784794605e-05,0.0714953439506301,1,0,0.233783681848267,39.89
"46900",0,0,0,0,0.130781424709554,1.08
"46980",0.00221836419753086,2.5868102214699,1,1,0.195844377337525,16.76
"47020",0.000728746783266152,0.849783651356445,1,0,0.34970984316604,88.54
"47080",0.0124960555380246,14.5715136539783,1,1,0.213131270756852,26.49
"47180",0.00136268343815514,1.58901024925074,1,1,0.195911025032025,16.86
"47220",0.000231527929985954,0.269982186202813,1,0,0.256999818026635,54.7
"47240",0.000338209182379302,0.394382027508168,1,0,0.260626840064256,55.57
"47260",0.00235862831162647,2.75037067040419,1,1,0.296550846817593,73.19
"47300",0.00019539887080021,0.227852485544194,1,0,0.23352051915414,39.68
"47340",0.000428418421992146,0.49957403491672,1,0,0.212908800698178,26.27
"47380",0.00166742146650747,1.94436193022802,1,1,0.329904282265728,83.03
"47420",0,0,0,0,0.170804692771868,6.92
"47460",0.000118863663378105,0.138605617477092,1,0,0.202555034387154,21.19
"47540",0.000911879300339882,1.06333247601613,1,1,0.208882149001148,23.89
"47580",7.86525691299902e-05,0.0917159003903801,1,0,0.177314720368154,8.54
"47620",0.00047438330170778,0.553173178289742,1,0,0.209979737852509,24.65
"47660",0.000132257637878587,0.15422418460981,1,0,0.158175917824575,4.11
"47700",0.00133507985288931,1.55682201046005,1,1,0.258202785101996,55.03
"47780",0.000724876441515651,0.845270488183364,1,0,0.219461712729691,30.16
"47820",0.00430025583800555,5.01448128718891,1,1,0.265923912446647,58.27
"47900",0.000451513682253845,0.526505165241925,1,0,0.197719837294834,17.95
"47920",0.000240693196405648,0.28066970310529,1,0,0.190524669288748,13.95
"47930",0.000231222378122159,0.26962588551723,1,0,0.319639450308138,80.97
"47940",0.000222036604320198,0.258914455180646,1,0,0.270082973742642,60.11
"47980",0.000880236110391964,1.02643369839959,1,1,0.269822819630503,60
"48020",0.000385971232277488,0.450076831369726,1,0,0.254088027354884,53.3
"48060",0.000117916582440536,0.137501236757015,1,0,0.189387818248251,13.51
"48140",0.000682110682110682,0.795401804005704,1,0,0.301911268015618,75.68
"48180",0.0003597931189566,0.419550819819124,1,0,0.240334168273167,44
"48200",0.000238561000047712,0.278183372258881,1,0,0.309517380809846,78.49
"48220",0.000115240564678767,0.134380761721092,1,0,0.232491582554107,39.46
"48260",0.000146116942259455,0.17038536782526,1,0,0.257098382175983,54.81
"48300",0.000578368999421631,0.67442976277315,1,0,0.274786030474002,62.81
"48460",0.000687836753410524,0.802078913104283,1,0,0.278922560236869,64.76
"48540",0.000459660802028848,0.536005432480719,1,0,0.28577796369584,68.54
"48580",0.00102161100196464,1.19128941279781,1,1,0.297321433144076,73.62
"48620",0.000289058690593329,0.337068176751047,1,0,0.33644377679579,85.51
"48660",0.000174175568973525,0.203104225470526,1,0,0.264803782796365,57.41
"48680",0.00788142044691236,9.19043815910263,1,1,0.25998413158937,55.35
"48700",3.66401025922873e-05,0.04272562278409,1,0,0.304300789466387,77.19
"48780",0.000206192652668477,0.240438996495023,1,0,0.195603387577231,16.54
"48820",0.00185627154600902,2.1645779418837,1,1,0.230493207843375,37.84
"48900",0.00197496483425925,2.30298488678811,1,1,0.41192713014252,98.05
"48940",9.58956655159187e-05,0.111822886443688,1,0,0.168625530734275,6.16
"48980",0,0,0,0,0.247027906644713,48.76
"49010",0.00144518615374028,1.68521576330124,1,1,0.218667310816646,29.62
"49020",0.000593065092188674,0.691566715771116,1,0,0.264250120226092,56.97
"49080",0.000350140056022409,0.408294488737667,1,0,0.160749078309634,4.76
"49100",7.30994152046784e-05,0.0852404283504954,1,0,0.216191380288672,28.11
"49180",0.000258753398185451,0.301729506819126,1,0,0.332764914167777,84.11
"49220",0.000523390573984996,0.610320022344548,1,0,0.233744907916766,39.78
"49260",0.000209051949409428,0.243773191143468,1,0,0.224561408648192,33.84
"49300",0.000753390256152687,0.878520135485769,1,0,0.297467403989742,73.84
"49340",0.000518060442061478,0.604104613821058,1,0,0.336394261436766,85.41
"49380",0.0028169014084507,3.28475791502754,1,1,0.147661030142263,2.49
"49420",9.37053435472158e-05,0.109268775958468,1,0,0.224690484459674,33.95
"49460",0,0,0,0,0.225380913114349,34.38
"49620",0.000559441944283543,0.652359130841736,1,0,0.343825624312654,87.57
"49660",0.000727231727598162,0.848016961516962,1,0,0.383026651481417,95.35
"49700",0.0024011256232221,2.79992632052825,1,1,0.263414622699989,56.54
"49740",0.000474186473830834,0.552943659455765,1,0,0.241809300663677,45.08
"49780",0.000310542932560426,0.362120716267722,1,0,0.273368295252286,61.62
"49820",0.00195968645016797,2.28516893024732,1,1,0.166101211679774,5.62
